 beta.ip2       :=     1.100000000000000 ;

! saved on 15/06/08 10:13:33 by T.Risselada

 kqt13.l2b1     :=    -0.001128651936090 ;  // 04/06/08 11:11
 kqt12.l2b1     :=    -0.004338217319431 ;
 kqtl11.l2b1    :=    -0.000245965004971 ;
 kq10.l2b1      :=    -0.006224050117801 ;
 kq9.l2b1       :=     0.006743530049450 ;
 kq8.l2b1       :=    -0.006028719295488 ;
 kq7.l2b1       :=     0.007830028165805 ;
 kq6.l2b1       :=    -0.006074726237429 ;
 kq5.l2b1       :=     0.001666817358636 ;
 kq4.l2b1       :=    -0.002169116441744 ;
 kqx.l2         :=     0.008889797681000 ;
 kq4.r2b1       :=     0.002143651293596 ;
 kq5.r2b1       :=    -0.001605338134863 ;
 kq6.r2b1       :=     0.006298059577965 ;
 kq7.r2b1       :=    -0.007836423719342 ;
 kq8.r2b1       :=     0.007802333579778 ;
 kq9.r2b1       :=    -0.006688508473670 ;
 kq10.r2b1      :=     0.007449037068239 ;
 kqtl11.r2b1    :=    -0.001516926243576 ;
 kqt12.r2b1     :=    -0.001075112050731 ;
 kqt13.r2b1     :=    -0.003116485124087 ;

 kqt13.l2b2     :=    -0.002982798815617 ;  // 27/05/08 16:44
 kqt12.l2b2     :=    -0.000377720151646 ;
 kqtl11.l2b2    :=    -0.002510517323459 ;
 kq10.l2b2      :=     0.007482278379731 ;
 kq9.l2b2       :=    -0.007144628557148 ;
 kq8.l2b2       :=     0.008173553922806 ;
 kq7.l2b2       :=    -0.007877471998317 ;
 kq6.l2b2       :=     0.006481238990662 ;
 kq5.l2b2       :=    -0.001456161335302 ;
 kq4.l2b2       :=     0.002039074143920 ;
 kqx.l2         :=     0.008889797681000 ;
 kq4.r2b2       :=    -0.002212956191357 ;
 kq5.r2b2       :=     0.001732677136706 ;
 kq6.r2b2       :=    -0.006007567312986 ;
 kq7.r2b2       :=     0.007782343076473 ;
 kq8.r2b2       :=    -0.005815483709728 ;
 kq9.r2b2       :=     0.006640718230419 ;
 kq10.r2b2      :=    -0.006233308422006 ;
 kqtl11.r2b2    :=    -0.000145688952736 ;
 kqt12.r2b2     :=    -0.003898042274867 ;
 kqt13.r2b2     :=    -0.001450071950821 ;

 acbxh1.l2      :=     0.000000000000000*on_sep2 ;  // 14/06/08 19:32
 acbxh1.r2      :=     0.000000000000000*on_sep2 ;
 acbyhs5.l2b1   :=    -0.000019808991466*on_sep2 ;
 acbyhs4.l2b1   :=     0.000040213254543*on_sep2 ;
 acbyhs4.r2b1   :=     0.000039064464331*on_sep2 ;
 acbchs5.r2b1   :=    -0.000034595654891*on_sep2 ;
 acbyhs5.l2b2   :=     0.000024579097566*on_sep2 ;
 acbyhs4.l2b2   :=    -0.000030150221995*on_sep2 ;
 acbyhs4.r2b2   :=    -0.000048597919573*on_sep2 ;
 acbchs5.r2b2   :=     0.000027220527169*on_sep2 ;
 acbxv1.l2      :=     0.000000000000000*on_x2   ;
 acbxv1.r2      :=    -0.000000000000000*on_x2   ;
 acbcv6.l2b1    :=    -0.000012788064801*on_x2   ;
 acbyvs4.l2b1   :=    -0.000005583328582*on_x2   ;
 acbyvs4.r2b1   :=    -0.000029115687037*on_x2   ;
 acbcvs5.r2b1   :=     0.000034782882687*on_x2   ;
 acbyvs5.l2b2   :=     0.000025159630499*on_x2   ;
 acbyvs4.l2b2   :=    -0.000018115668028*on_x2   ;
 acbyvs4.r2b2   :=    -0.000004822290073*on_x2   ;
 acbcv6.r2b2    :=    -0.000010947833404*on_x2   ;
 acbyvs5.l2b1   :=     0.000000000000000 ;
 acbyh5.l2b1    :=     0.000000000000000 ;
 acbyv4.l2b1    :=     0.000000000000000 ;
 acbyh4.r2b1    :=     0.000000000000000 ;
 acbcv5.r2b1    :=     0.000000000000000 ;
 acbch6.r2b1    :=     0.000000000000000 ;
 acbch6.l2b2    :=     0.000000000000000 ;
 acbyv5.l2b2    :=     0.000000000000000 ;
 acbyh4.l2b2    :=     0.000000000000000 ;
 acbyv4.r2b2    :=     0.000000000000000 ;
 acbch5.r2b2    :=     0.000000000000000 ;
 acbcvs5.r2b2   :=     0.000000000000000 ;

return;
