 beta.ip2       :=     0.500000000000000 ;

! saved on 15/06/08 10:13:17 by T.Risselada

 kqt13.l2b1     :=    -0.001902944474650 ;  // 23/05/08 17:42
 kqt12.l2b1     :=    -0.004480553557736 ;
 kqtl11.l2b1    :=    -0.000719076619395 ;
 kq10.l2b1      :=    -0.005901299068681 ;
 kq9.l2b1       :=     0.006574232763379 ;
 kq8.l2b1       :=    -0.005718781135321 ;
 kq7.l2b1       :=     0.008550000000000 ;
 kq6.l2b1       :=    -0.006850000000000 ;
 kq5.l2b1       :=     0.001337192339936 ;
 kq4.l2b1       :=    -0.001968011310392 ;
 kqx.l2         :=     0.008889797681000 ;
 kq4.r2b1       :=     0.002151297291193 ;
 kq5.r2b1       :=    -0.001546822506096 ;
 kq6.r2b1       :=     0.006699458441526 ;
 kq7.r2b1       :=    -0.008550000000000 ;
 kq8.r2b1       :=     0.006760546244397 ;
 kq9.r2b1       :=    -0.006488648313544 ;
 kq10.r2b1      :=     0.007426769875735 ;
 kqtl11.r2b1    :=    -0.001752226624517 ;
 kqt12.r2b1     :=    -0.001324905985330 ;
 kqt13.r2b1     :=    -0.003127471165018 ;

 kqt13.l2b2     :=    -0.003000000000000 ;  // 27/05/08 14:20
 kqt12.l2b2     :=    -0.000611343962939 ;
 kqtl11.l2b2    :=    -0.002686506803472 ;
 kq10.l2b2      :=     0.007457909466141 ;
 kq9.l2b2       :=    -0.006901090968325 ;
 kq8.l2b2       :=     0.007176449805238 ;
 kq7.l2b2       :=    -0.008565690264072 ;
 kq6.l2b2       :=     0.006850461577559 ;
 kq5.l2b2       :=    -0.001402181885248 ;
 kq4.l2b2       :=     0.002049299156763 ;
 kqx.l2         :=     0.008889797681000 ;
 kq4.r2b2       :=    -0.002042541287148 ;
 kq5.r2b2       :=     0.001452179249998 ;
 kq6.r2b2       :=    -0.006721339750934 ;
 kq7.r2b2       :=     0.008554782425086 ;
 kq8.r2b2       :=    -0.005487712270105 ;
 kq9.r2b2       :=     0.006490131040310 ;
 kq10.r2b2      :=    -0.005950952844087 ;
 kqtl11.r2b2    :=    -0.000600492026924 ;
 kqt12.r2b2     :=    -0.004000000000000 ;
 kqt13.r2b2     :=    -0.002021321199664 ;

 acbxh1.l2      :=     0.000000000000000*on_sep2 ;  // 14/06/08 19:35
 acbxh1.r2      :=     0.000000000000000*on_sep2 ;
 acbyhs5.l2b1   :=    -0.000019680139425*on_sep2 ;
 acbyhs4.l2b1   :=     0.000039473305479*on_sep2 ;
 acbyhs4.r2b1   :=     0.000039028246845*on_sep2 ;
 acbchs5.r2b1   :=    -0.000034605121769*on_sep2 ;
 acbyhs5.l2b2   :=     0.000024629123031*on_sep2 ;
 acbyhs4.l2b2   :=    -0.000030087250177*on_sep2 ;
 acbyhs4.r2b2   :=    -0.000048011922409*on_sep2 ;
 acbchs5.r2b2   :=     0.000027348761624*on_sep2 ;
 acbxv1.l2      :=     0.000000000000000*on_x2   ;
 acbxv1.r2      :=    -0.000000000000000*on_x2   ;
 acbcv6.l2b1    :=    -0.000020389401323*on_x2   ;
 acbyvs4.l2b1   :=    -0.000007311726594*on_x2   ;
 acbyvs4.r2b1   :=    -0.000043235241097*on_x2   ;
 acbcvs5.r2b1   :=     0.000051580478234*on_x2   ;
 acbyvs5.l2b2   :=     0.000037229902265*on_x2   ;
 acbyvs4.l2b2   :=    -0.000026960853930*on_x2   ;
 acbyvs4.r2b2   :=    -0.000006191359957*on_x2   ;
 acbcv6.r2b2    :=    -0.000016728143299*on_x2   ;
 acbyvs5.l2b1   :=     0.000000000000000 ;
 acbyh5.l2b1    :=     0.000000000000000 ;
 acbyv4.l2b1    :=     0.000000000000000 ;
 acbyh4.r2b1    :=     0.000000000000000 ;
 acbcv5.r2b1    :=     0.000000000000000 ;
 acbch6.r2b1    :=     0.000000000000000 ;
 acbch6.l2b2    :=     0.000000000000000 ;
 acbyv5.l2b2    :=     0.000000000000000 ;
 acbyh4.l2b2    :=     0.000000000000000 ;
 acbyv4.r2b2    :=     0.000000000000000 ;
 acbch5.r2b2    :=     0.000000000000000 ;
 acbcvs5.r2b2   :=     0.000000000000000 ;

return;
