 beta.ip2       :=     1.500000000000000 ;

! saved on 15/06/08 10:13:40 by T.Risselada

 kqt13.l2b1     :=    -0.000744676949068 ;  // 04/06/08 14:30
 kqt12.l2b1     :=    -0.004267449551342 ;
 kqtl11.l2b1    :=    -0.000078111763259 ;
 kq10.l2b1      :=    -0.006374399401605 ;
 kq9.l2b1       :=     0.006820468415816 ;
 kq8.l2b1       :=    -0.006062062451271 ;
 kq7.l2b1       :=     0.007547546033427 ;
 kq6.l2b1       :=    -0.005731343181047 ;
 kq5.l2b1       :=     0.001813975114423 ;
 kq4.l2b1       :=    -0.002295424200812 ;
 kqx.l2         :=     0.008889797681000 ;
 kq4.r2b1       :=     0.002082745103243 ;
 kq5.r2b1       :=    -0.001509391876990 ;
 kq6.r2b1       :=     0.006189228630887 ;
 kq7.r2b1       :=    -0.007628981883221 ;
 kq8.r2b1       :=     0.008245852323035 ;
 kq9.r2b1       :=    -0.006884071457201 ;
 kq10.r2b1      :=     0.007467304235262 ;
 kqtl11.r2b1    :=    -0.001424434262837 ;
 kqt12.r2b1     :=    -0.001045899747538 ;
 kqt13.r2b1     :=    -0.003140181060474 ;

 kqt13.l2b2     :=    -0.003036319216112 ;  // 27/05/08 16:48
 kqt12.l2b2     :=    -0.000438543295429 ;
 kqtl11.l2b2    :=    -0.002467978251899 ;
 kq10.l2b2      :=     0.007487511299912 ;
 kq9.l2b2       :=    -0.007276170660046 ;
 kq8.l2b2       :=     0.008355006527922 ;
 kq7.l2b2       :=    -0.007593080469372 ;
 kq6.l2b2       :=     0.006187084483329 ;
 kq5.l2b2       :=    -0.001409769572860 ;
 kq4.l2b2       :=     0.002038619605614 ;
 kqx.l2         :=     0.008889797681000 ;
 kq4.r2b2       :=    -0.002400465977246 ;
 kq5.r2b2       :=     0.001979346660801 ;
 kq6.r2b2       :=    -0.005686113174644 ;
 kq7.r2b2       :=     0.007578889591784 ;
 kq8.r2b2       :=    -0.005773386582704 ;
 kq9.r2b2       :=     0.006741262809292 ;
 kq10.r2b2      :=    -0.006447500207309 ;
 kqtl11.r2b2    :=     0.000019262803376 ;
 kqt12.r2b2     :=    -0.003814126772211 ;
 kqt13.r2b2     :=    -0.000832621969066 ;

 acbxh1.l2      :=     0.000000000000000*on_sep2 ;  // 14/06/08 19:31
 acbxh1.r2      :=     0.000000000000000*on_sep2 ;
 acbyhs5.l2b1   :=    -0.000019845969822*on_sep2 ;
 acbyhs4.l2b1   :=     0.000040683515572*on_sep2 ;
 acbyhs4.r2b1   :=     0.000039352427650*on_sep2 ;
 acbchs5.r2b1   :=    -0.000034520410431*on_sep2 ;
 acbyhs5.l2b2   :=     0.000024613286396*on_sep2 ;
 acbyhs4.l2b2   :=    -0.000030146104438*on_sep2 ;
 acbyhs4.r2b2   :=    -0.000049238268249*on_sep2 ;
 acbchs5.r2b2   :=     0.000027080555265*on_sep2 ;
 acbxv1.l2      :=     0.000000000000000*on_x2   ;
 acbxv1.r2      :=    -0.000000000000000*on_x2   ;
 acbcv6.l2b1    :=    -0.000010630552836*on_x2   ;
 acbyvs4.l2b1   :=    -0.000005329729320*on_x2   ;
 acbyvs4.r2b1   :=    -0.000024704317830*on_x2   ;
 acbcvs5.r2b1   :=     0.000029836368784*on_x2   ;
 acbyvs5.l2b2   :=     0.000021507766696*on_x2   ;
 acbyvs4.l2b2   :=    -0.000015518854973*on_x2   ;
 acbyvs4.r2b2   :=    -0.000004934692627*on_x2   ;
 acbcv6.r2b2    :=    -0.000009156712003*on_x2   ;
 acbyvs5.l2b1   :=     0.000000000000000 ;
 acbyh5.l2b1    :=     0.000000000000000 ;
 acbyv4.l2b1    :=     0.000000000000000 ;
 acbyh4.r2b1    :=     0.000000000000000 ;
 acbcv5.r2b1    :=     0.000000000000000 ;
 acbch6.r2b1    :=     0.000000000000000 ;
 acbch6.l2b2    :=     0.000000000000000 ;
 acbyv5.l2b2    :=     0.000000000000000 ;
 acbyh4.l2b2    :=     0.000000000000000 ;
 acbyv4.r2b2    :=     0.000000000000000 ;
 acbch5.r2b2    :=     0.000000000000000 ;
 acbcvs5.r2b2   :=     0.000000000000000 ;

return;
