 beta.ip2       :=     3.000000000000000 ;

! saved on 15/06/08 10:13:53 by T.Risselada

 kqt13.l2b1     :=     0.001435641112868 ;  // 04/06/08 13:53
 kqt12.l2b1     :=    -0.003892969847355 ;
 kqtl11.l2b1    :=     0.000125635992125 ;
 kq10.l2b1      :=    -0.006475086062788 ;
 kq9.l2b1       :=     0.006958165573619 ;
 kq8.l2b1       :=    -0.005672288195552 ;
 kq7.l2b1       :=     0.007408700188380 ;
 kq6.l2b1       :=    -0.004987840364998 ;
 kq5.l2b1       :=     0.002860100717443 ;
 kq4.l2b1       :=    -0.002892483199698 ;
 kqx.l2         :=     0.008889797681000 ;
 kq4.r2b1       :=     0.002378985402799 ;
 kq5.r2b1       :=    -0.002140853128551 ;
 kq6.r2b1       :=     0.004991181696541 ;
 kq7.r2b1       :=    -0.007216439028941 ;
 kq8.r2b1       :=     0.007926581247584 ;
 kq9.r2b1       :=    -0.007083634732267 ;
 kq10.r2b1      :=     0.007459967897801 ;
 kqtl11.r2b1    :=    -0.001401739389191 ;
 kqt12.r2b1     :=    -0.001546432330741 ;
 kqt13.r2b1     :=    -0.003230222242989 ;

 kqt13.l2b2     :=    -0.003137863416119 ;  // 27/05/08 19:04
 kqt12.l2b2     :=    -0.000715633082938 ;
 kqtl11.l2b2    :=    -0.002428009426851 ;
 kq10.l2b2      :=     0.007486370002008 ;
 kq9.l2b2       :=    -0.007485980393681 ;
 kq8.l2b2       :=     0.008242762798375 ;
 kq7.l2b2       :=    -0.007206878449505 ;
 kq6.l2b2       :=     0.004943879966579 ;
 kq5.l2b2       :=    -0.001993876863460 ;
 kq4.l2b2       :=     0.002218190512697 ;
 kqx.l2         :=     0.008889797681000 ;
 kq4.r2b2       :=    -0.002984588531864 ;
 kq5.r2b2       :=     0.002979675253252 ;
 kq6.r2b2       :=    -0.005003180748184 ;
 kq7.r2b2       :=     0.007442717194779 ;
 kq8.r2b2       :=    -0.005401830459308 ;
 kq9.r2b2       :=     0.006898537624043 ;
 kq10.r2b2      :=    -0.006454406254517 ;
 kqtl11.r2b2    :=     0.000178577766773 ;
 kqt12.r2b2     :=    -0.003491364711981 ;
 kqt13.r2b2     :=     0.001547808924137 ;

 acbxh1.l2      :=     0.000000000000000*on_sep2 ;  // 14/06/08 19:28
 acbxh1.r2      :=     0.000000000000000*on_sep2 ;
 acbyhs5.l2b1   :=    -0.000020307417129*on_sep2 ;
 acbyhs4.l2b1   :=     0.000042819289270*on_sep2 ;
 acbyhs4.r2b1   :=     0.000037942664549*on_sep2 ;
 acbchs5.r2b1   :=    -0.000034888993225*on_sep2 ;
 acbyhs5.l2b2   :=     0.000024351873226*on_sep2 ;
 acbyhs4.l2b2   :=    -0.000029252474335*on_sep2 ;
 acbyhs4.r2b2   :=    -0.000051203875721*on_sep2 ;
 acbchs5.r2b2   :=     0.000026651930774*on_sep2 ;
 acbxv1.l2      :=     0.000000000000000*on_x2   ;
 acbxv1.r2      :=    -0.000000000000000*on_x2   ;
 acbcv6.l2b1    :=    -0.000006541068960*on_x2   ;
 acbyvs4.l2b1   :=    -0.000005190256411*on_x2   ;
 acbyvs4.r2b1   :=    -0.000018252169213*on_x2   ;
 acbcvs5.r2b1   :=     0.000020926137609*on_x2   ;
 acbyvs5.l2b2   :=     0.000015468725248*on_x2   ;
 acbyvs4.l2b2   :=    -0.000011448903280*on_x2   ;
 acbyvs4.r2b2   :=    -0.000005075070531*on_x2   ;
 acbcv6.r2b2    :=    -0.000005887873224*on_x2   ;
 acbyvs5.l2b1   :=     0.000000000000000 ;
 acbyh5.l2b1    :=     0.000000000000000 ;
 acbyv4.l2b1    :=     0.000000000000000 ;
 acbyh4.r2b1    :=     0.000000000000000 ;
 acbcv5.r2b1    :=     0.000000000000000 ;
 acbch6.r2b1    :=     0.000000000000000 ;
 acbch6.l2b2    :=     0.000000000000000 ;
 acbyv5.l2b2    :=     0.000000000000000 ;
 acbyh4.l2b2    :=     0.000000000000000 ;
 acbyv4.r2b2    :=     0.000000000000000 ;
 acbch5.r2b2    :=     0.000000000000000 ;
 acbcvs5.r2b2   :=     0.000000000000000 ;

return;
