beta.ip2       :=     2.250000000000000 ;

! created by E. Laface on 17/1/2011

x.ip2          :=     0.000700000000000 *on_sep2 ;
y.ip2          :=     0.000000000000000 ;
px.ip2         :=     0.000000000000000 ;
py.ip2         :=     0.000080000000000 *on_x2 ;

kqx.l2         :=     0.008889797681000 ;
kqx.r2         :=    -kqx.l2 ;

kq4.l2b1       :=    -0.002919990905000 ;   //  14/01/2011 18:24  T.R.
kq5.l2b1       :=     0.002678621610000 ;
kq6.l2b1       :=    -0.005265721864000 ;
kq7.l2b1       :=     0.007587898714000 ;
kq8.l2b1       :=    -0.005566416560000 ;
kq9.l2b1       :=     0.006887668045000 ;
kq10.l2b1      :=    -0.006520483789000 ;
kqtl11.l2b1    :=    -0.000058005614190 ;
kqt12.l2b1     :=    -0.000496302105600 ;
kqt13.l2b1     :=     0.000000003471449 ;
kq4.r2b1       :=     0.003665407530000 ;
kq5.r2b1       :=    -0.003953320874000 ;
kq6.r2b1       :=     0.004884387075000 ;
kq7.r2b1       :=    -0.005720223760000 ;
kq8.r2b1       :=     0.004368256631000 ;
kq9.r2b1       :=    -0.005082843230000 ;
kq10.r2b1      :=     0.007404128466000 ;
kqtl11.r2b1    :=    -0.006490197505000 ;
kqt12.r2b1     :=    -0.000186496921000 ;
kqt13.r2b1     :=    -0.000000002618453 ;

kq4.l2b2       :=     0.003254987100000 ;
kq5.l2b2       :=    -0.002154971402000 ;
kq6.l2b2       :=     0.004954180105000 ;
kq7.l2b2       :=    -0.006748677096000 ;
kq8.l2b2       :=     0.005901601436000 ;
kq9.l2b2       :=    -0.007559974388000 ;
kq10.l2b2      :=     0.007426956670000 ;
kqtl11.l2b2    :=    -0.002046108392000 ;
kqt12.l2b2     :=    -0.004254485447000 ;
kqt13.l2b2     :=     0.000541584989000 ;
kq4.r2b2       :=    -0.003397391717000 ;
kq5.r2b2       :=     0.003163838303000 ;
kq6.r2b2       :=    -0.005275988467000 ;
kq7.r2b2       :=     0.007879238345000 ;
kq8.r2b2       :=    -0.005338838413000 ;
kq9.r2b2       :=     0.006946527524000 ;
kq10.r2b2      :=    -0.007242932941000 ;
kqtl11.r2b2    :=     0.000276703557500 ;
kqt12.r2b2     :=    -0.000829244387700 ;
kqt13.r2b2     :=     0.000513239691100 ;

acbxv1.l2      :=     0.000000000000000 *on_x2 ;
acbxv1.r2      :=     0.000000000000000 *on_x2 ;
acbxv2.l2      :=     0.000000000000000 *on_x2 ;
acbxv2.r2      :=     0.000000000000000 *on_x2 ;
acbxv3.l2      :=     0.000000000000000 *on_x2 ;
acbxv3.r2      :=     0.000000000000000 *on_x2 ;
acbyvs4.l2b1   :=     0.000010312299916 *on_x2 ;
acbyvs4.r2b1   :=    -0.000052796705719 *on_x2 ;
acbyvs5.l2b1   :=    -0.000048839872346 *on_x2 ;
acbcvs5.r2b1   :=     0.000049498226231 *on_x2 ;
acbyvs4.l2b2   :=    -0.000035484520420 *on_x2 ;
acbyvs4.r2b2   :=     0.000025206172384 *on_x2 ;
acbyvs5.l2b2   :=     0.000036975244065 *on_x2 ;
acbcvs5.r2b2   :=    -0.000072107768663 *on_x2 ;
acbxh1.l2      :=     0.000012250000000 *on_sep2 ;
acbxh1.r2      :=     0.000012250000000 *on_sep2 ;
acbxh2.l2      :=     0.000000000000000 *on_sep2 ;
acbxh2.r2      :=     0.000000000000000 *on_sep2 ;
acbxh3.l2      :=     0.000000000000000 *on_sep2 ;
acbxh3.r2      :=     0.000000000000000 *on_sep2 ;
acbyhs4.l2b1   :=     0.000030072972255 *on_sep2 ;
acbyhs4.r2b1   :=     0.000012698312155 *on_sep2 ;
acbyhs5.l2b1   :=    -0.000011337787760 *on_sep2 ;
acbchs5.r2b1   :=    -0.000006011311742 *on_sep2 ;
acbyhs4.l2b2   :=    -0.000011364775198 *on_sep2 ;
acbyhs4.r2b2   :=    -0.000035484342954 *on_sep2 ;
acbyhs5.l2b2   :=     0.000004149651152 *on_sep2 ;
acbchs5.r2b2   :=     0.000014832057203 *on_sep2 ;
acbcv6.l2b1    :=     0.000000000000000 ;
acbyh5.l2b1    :=     0.000000000000000 ;
acbyv4.l2b1    :=     0.000000000000000 ;
acbyh4.r2b1    :=     0.000000000000000 ;
acbcv5.r2b1    :=     0.000000000000000 ;
acbch6.r2b1    :=     0.000000000000000 ;
acbch6.l2b2    :=     0.000000000000000 ;
acbyv5.l2b2    :=     0.000000000000000 ;
acbyh4.l2b2    :=     0.000000000000000 ;
acbyv4.r2b2    :=     0.000000000000000 ;
acbch5.r2b2    :=     0.000000000000000 ;
acbcv6.r2b2    :=     0.000000000000000 ;
