 beta.ip2       :=    10.000000000000000 ;

 kqt13.l2b1     :=    -0.000159207194809 ;  // 24/06/08 14:31
 kqt12.l2b1     :=    -0.002691010997999 ;
 kqtl11.l2b1    :=     0.000249475774722 ;
 kq10.l2b1      :=    -0.005958559539061 ;
 kq9.l2b1       :=     0.006453382148958 ;
 kq8.l2b1       :=    -0.004488874340900 ;
 kq7.l2b1       :=     0.006833411643042 ;
 kq6.l2b1       :=    -0.004327653100220 ;
 kq5.l2b1       :=     0.004487946518600 ;
 kq4.l2b1       :=    -0.004359973071083 ;
 kqx.l2         :=     0.009122304480500 ;
 kq4.r2b1       :=     0.003919008655514 ;
 kq5.r2b1       :=    -0.004180582667181 ;
 kq6.r2b1       :=     0.004301252105281 ;
 kq7.r2b1       :=    -0.006645652421684 ;
 kq8.r2b1       :=     0.006252451975805 ;
 kq9.r2b1       :=    -0.006641485623578 ;
 kq10.r2b1      :=     0.007426378681071 ;
 kqtl11.r2b1    :=    -0.001813975197794 ;
 kqt12.r2b1     :=    -0.002628352722333 ;
 kqt13.r2b1     :=    -0.003218811581398 ;
 kqt13.l2b2     :=    -0.001743704724448 ;  // 24/06/08 17:50
 kqt12.l2b2     :=    -0.003038916884945 ;
 kqtl11.l2b2    :=    -0.001737396617608 ;
 kq10.l2b2      :=     0.007436979184172 ;
 kq9.l2b2       :=    -0.007437138073481 ;
 kq8.l2b2       :=     0.006535811059136 ;
 kq7.l2b2       :=    -0.006432400572095 ;
 kq6.l2b2       :=     0.004021988873990 ;
 kq5.l2b2       :=    -0.003443379143445 ;
 kq4.l2b2       :=     0.003436534690766 ;
 kqx.l2         :=     0.009122304480500 ;
 kq4.r2b2       :=    -0.002019981743712 ;
 kq5.r2b2       :=     0.003454438676870 ;
 kq6.r2b2       :=    -0.004036847080016 ;
 kq7.r2b2       :=     0.006858457526935 ;
 kq8.r2b2       :=    -0.006085829259971 ;
 kq9.r2b2       :=     0.007244613317939 ;
 kq10.r2b2      :=    -0.008149277709489 ;
 kqtl11.r2b2    :=     0.000953603835502 ;
 kqt12.r2b2     :=    -0.002074962610403 ;
 kqt13.r2b2     :=     0.002652583928176 ;
