;
! <IR2 squeeze strength data> ;
! Created: Mon 15 Jun 2009 16:00:42 ;
! Squeeze parameters: BETA.IP2 6. ;
! Squeeze parameter: KQX.L2 0.0088898 ;
;
! <Non-settings > ;
;
! </Non-settings > ;
ACBCH5.R2B2:=0.;
ACBCH6.L2B2:=0.;
ACBCH6.R2B1:=0.;
ACBCHS5.R2B1:=-0.000035331401905*ON_SEP2;
ACBCHS5.R2B2:=0.000026384376642*ON_SEP2;
ACBCV5.R2B1:=0.;
ACBCV6.L2B1:=-4.130292811e-6*ON_X2;
ACBCV6.R2B2:=-3.798492952e-6*ON_X2;
ACBCVS5.R2B1:=0.000014656421644*ON_X2;
ACBCVS5.R2B2:=0.;
ACBXH1.L2:=0.*ON_SEP2;
ACBXH1.R2:=0.*ON_SEP2;
ACBXV1.L2:=0.*ON_X2;
ACBXV1.R2:=0.*ON_X2;
ACBYH4.L2B2:=0.;
ACBYH4.R2B1:=0.;
ACBYH5.L2B1:=0.;
ACBYHS4.L2B1:=0.000044035260717*ON_SEP2;
ACBYHS4.L2B2:=-0.000026851157483*ON_SEP2;
ACBYHS4.R2B1:=0.000036253241259*ON_SEP2;
ACBYHS4.R2B2:=-0.000052434529169*ON_SEP2;
ACBYHS5.L2B1:=-0.000020905289139*ON_SEP2;
ACBYHS5.L2B2:=0.000024312173033*ON_SEP2;
ACBYV4.L2B1:=0.;
ACBYV4.R2B2:=0.;
ACBYV5.L2B2:=0.;
ACBYVS4.L2B1:=-4.071530179e-6*ON_X2;
ACBYVS4.L2B2:=-8.99271156e-6*ON_X2;
ACBYVS4.R2B1:=-0.000013550409151*ON_X2;
ACBYVS4.R2B2:=-4.105203261e-6*ON_X2;
ACBYVS5.L2B1:=0.;
ACBYVS5.L2B2:=0.000011065995996*ON_X2;
BETA.IP2:=6.;
KQ10.L2B1:=-0.006703247860965;
KQ10.L2B2:=0.007483691512146;
KQ10.R2B1:=0.00745804910595;
KQ10.R2B2:=-0.0066643795428;
KQ4.L2B1:=-0.003256000954011;
KQ4.L2B2:=0.002668421196707;
KQ4.R2B1:=0.002727687553669;
KQ4.R2B2:=-0.003356994552315;
KQ5.L2B1:=0.003853049230727;
KQ5.L2B2:=-0.002637463342899;
KQ5.R2B1:=-0.002764951147282;
KQ5.R2B2:=0.003968053324641;
KQ6.L2B1:=-0.004619420615778;
KQ6.L2B2:=0.004123234180259;
KQ6.R2B1:=0.004211944857697;
KQ6.R2B2:=-0.004677783990873;
KQ7.L2B1:=0.007365225944493;
KQ7.L2B2:=-0.006679482400812;
KQ7.R2B1:=-0.006712907105018;
KQ7.R2B2:=0.007419624220017;
KQ8.L2B1:=-0.005737733873504;
KQ8.L2B2:=0.007410004860184;
KQ8.R2B1:=0.007295994662;
KQ8.R2B2:=-0.005486205106455;
KQ9.L2B1:=0.007010436063244;
KQ9.L2B2:=-0.00762361825343;
KQ9.R2B1:=-0.007188130154062;
KQ9.R2B2:=0.006980369018436;
KQT12.L2B1:=-0.003723289564606;
KQT12.L2B2:=-0.00147829239753;
KQT12.R2B1:=-0.002092170636575;
KQT12.R2B2:=-0.00332678244563;
KQT13.L2B1:=0.00246885804939;
KQT13.L2B2:=-0.003235947994331;
KQT13.R2B1:=-0.003337637599236;
KQT13.R2B2:=0.002801888439331;
KQTL11.L2B1:=0.000449868440633;
KQTL11.L2B2:=-0.002772003571169;
KQTL11.R2B1:=-0.001605890288132;
KQTL11.R2B2:=0.000497574559935;
KQX.L2:=0.008889797681;
;
! </IR2 squeeze strength data> ;
