;
! <IR2 squeeze strength data> ;
! Created: Wed 16 Sep 2009 00:34:52 ;
! Squeeze parameters: BETA.IP2 10. ;
! Squeeze parameter: KQX.L2 0.00927731 ;
;
! <Non-settings> ;
! StrengthFileName IR2BumpMatching-2009-09-16-00-34-46.str ;
;
! </Non-settings> ;
BETA.IP2:=10.;
KQX.L2:=0.0092773090135;
KQTL11.R2B2:=0.000634144329388;
KQTL11.R2B1:=-0.002138305259781;
KQTL11.L2B2:=-0.001123011538339;
KQTL11.L2B1:=-0.000071624017186;
KQT13.R2B2:=0.002547518569277;
KQT13.R2B1:=-0.003100747301663;
KQT13.L2B2:=-0.000728968949972;
KQT13.L2B1:=-0.001880347952097;
KQT12.R2B2:=-0.001248101034295;
KQT12.R2B1:=-0.002756672102734;
KQT12.L2B2:=-0.003826500734086;
KQT12.L2B1:=-0.002001578492512;
KQ9.R2B2:=0.007083342583625;
KQ9.R2B1:=-0.006692843335634;
KQ9.L2B2:=-0.007401106228945;
KQ9.L2B1:=0.006083821199581;
KQ8.R2B2:=-0.005121882686159;
KQ8.R2B1:=0.006102525257064;
KQ8.L2B2:=0.006418685005476;
KQ8.L2B1:=-0.004538644441175;
KQ7.R2B2:=0.006633833643372;
KQ7.R2B1:=-0.006697174748238;
KQ7.L2B2:=-0.006411334847255;
KQ7.L2B1:=0.006412854714954;
KQ6.R2B2:=-0.004237589352507;
KQ6.R2B1:=0.004334748329341;
KQ6.L2B2:=0.004049987551553;
KQ6.L2B1:=-0.004043986998928;
KQ5.R2B2:=0.003748945620618;
KQ5.R2B1:=-0.004437084050245;
KQ5.L2B2:=-0.003625864184566;
KQ5.L2B1:=0.004650572446931;
KQ4.R2B2:=-0.003123518542245;
KQ4.R2B1:=0.004310806915946;
KQ4.L2B2:=0.003878147230456;
KQ4.L2B1:=-0.004632361848393;
KQ10.R2B2:=-0.007199125723259;
KQ10.R2B1:=0.007447108950235;
KQ10.L2B2:=0.007424909649113;
KQ10.L2B1:=-0.005370010574821;
ACBYVS5.L2B2:=0.000062577744431*ON_X2;
ACBYVS5.L2B1:=0.;
ACBYVS4.R2B2:=-0.000050187242732*ON_X2;
ACBYVS4.R2B1:=-0.0000598122417*ON_X2;
ACBYVS4.L2B2:=-0.000031703211389*ON_X2;
ACBYVS4.L2B1:=-0.00007129646429*ON_X2;
ACBYV5.L2B2:=0.;
ACBYV4.R2B2:=0.;
ACBYV4.L2B1:=0.;
ACBYHS5.L2B2:=0.000031787701173*ON_SEP2;
ACBYHS5.L2B1:=-0.00003302514186*ON_SEP2;
ACBYHS4.R2B2:=-0.00009151956658*ON_SEP2;
ACBYHS4.R2B1:=0.000045993030436*ON_SEP2;
ACBYHS4.L2B2:=-0.000034990044197*ON_SEP2;
ACBYHS4.L2B1:=0.000086532318343*ON_SEP2;
ACBYH5.L2B1:=0.;
ACBYH4.R2B1:=0.;
ACBYH4.L2B2:=0.;
ACBXV1.R2:=0.*ON_X2;
ACBXV1.L2:=0.*ON_X2;
ACBXH1.R2:=0.0000203152809375*ON_SEP2;
ACBXH1.L2:=0.0000205387329375*ON_SEP2;
ACBCVS5.R2B2:=0.;
ACBCVS5.R2B1:=0.000079120169095*ON_X2;
ACBCV6.R2B2:=-0.000014893045237*ON_X2;
ACBCV6.L2B1:=-0.000015241241877*ON_X2;
ACBCV5.R2B1:=0.;
ACBCHS5.R2B2:=0.000042630556933*ON_SEP2;
ACBCHS5.R2B1:=-0.000048887267147*ON_SEP2;
ACBCH6.R2B1:=0.;
ACBCH6.L2B2:=0.;
ACBCH5.R2B2:=0.;
;
! </IR2 squeeze strength data> ;
