;
! <IR2 squeeze strength data> ;
! Created: Mon 15 Jun 2009 16:00:40 ;
! Squeeze parameters: BETA.IP2 9. ;
! Squeeze parameter: KQX.L2 0.0088898 ;
;
! <Non-settings > ;
;
! </Non-settings > ;
ACBCH5.R2B2:=0.;
ACBCH6.L2B2:=0.;
ACBCH6.R2B1:=0.;
ACBCHS5.R2B1:=-0.000035411200042*ON_SEP2;
ACBCHS5.R2B2:=0.000026336527015*ON_SEP2;
ACBCV5.R2B1:=0.;
ACBCV6.L2B1:=-3.2144333635000003e-6*ON_X2;
ACBCV6.R2B2:=-2.9876777724999998e-6*ON_X2;
ACBCVS5.R2B1:=0.000012002514803*ON_X2;
ACBCVS5.R2B2:=0.;
ACBXH1.L2:=0.*ON_SEP2;
ACBXH1.R2:=0.*ON_SEP2;
ACBXV1.L2:=0.*ON_X2;
ACBXV1.R2:=0.*ON_X2;
ACBYH4.L2B2:=0.;
ACBYH4.R2B1:=0.;
ACBYH5.L2B1:=0.;
ACBYHS4.L2B1:=0.00004424324002*ON_SEP2;
ACBYHS4.L2B2:=-0.000026358873273*ON_SEP2;
ACBYHS4.R2B1:=0.0000359488245095*ON_SEP2;
ACBYHS4.R2B2:=-0.000052654926356*ON_SEP2;
ACBYHS5.L2B1:=-0.000021268132974*ON_SEP2;
ACBYHS5.L2B2:=0.000024189728718*ON_SEP2;
ACBYV4.L2B1:=0.;
ACBYV4.R2B2:=0.;
ACBYV5.L2B2:=0.;
ACBYVS4.L2B1:=-3.2413864490000003e-6*ON_X2;
ACBYVS4.L2B2:=-7.518270818e-6*ON_X2;
ACBYVS4.R2B1:=-0.0000112087263095*ON_X2;
ACBYVS4.R2B2:=-3.2842563315e-6*ON_X2;
ACBYVS5.L2B1:=0.;
ACBYVS5.L2B2:=9.1572953785e-6*ON_X2;
BETA.IP2:=9.;
KQ10.L2B1:=-0.006925588595965;
KQ10.L2B2:=0.007483545338217;
KQ10.R2B1:=0.007460538686144;
KQ10.R2B2:=-0.006852170449514;
KQ4.L2B1:=-0.00335342102668;
KQ4.L2B2:=0.002769093747142;
KQ4.R2B1:=0.002793937641642;
KQ4.R2B2:=-0.003442218841688;
KQ5.L2B1:=0.004347987619414;
KQ5.L2B2:=-0.002942460113051;
KQ5.R2B1:=-0.003020112076221;
KQ5.R2B2:=0.004431570306412;
KQ6.L2B1:=-0.004473200178438;
KQ6.L2B2:=0.003865997760836;
KQ6.R2B1:=0.003930037734757;
KQ6.R2B2:=-0.004537873313126;
KQ7.L2B1:=0.007459726023829;
KQ7.L2B2:=-0.0064315512929;
KQ7.R2B1:=-0.006428677654927;
KQ7.R2B2:=0.007500890334733;
KQ8.L2B1:=-0.005783325494466;
KQ8.L2B2:=0.006972469042208;
KQ8.R2B1:=0.006859384119042;
KQ8.R2B2:=-0.005532565245907;
KQ9.L2B1:=0.00699635483354;
KQ9.L2B2:=-0.007679562845522;
KQ9.R2B1:=-0.007270481586023;
KQ9.R2B2:=0.00696902306213;
KQT12.L2B1:=-0.003723027859521;
KQT12.L2B2:=-0.001773437017468;
KQT12.R2B1:=-0.002353206372698;
KQT12.R2B2:=-0.003316629406925;
KQT13.L2B1:=0.002447824546664;
KQT13.L2B2:=-0.003259257863058;
KQT13.R2B1:=-0.003382609801545;
KQT13.R2B2:=0.002825520934754;
KQTL11.L2B1:=0.000697280037088;
KQTL11.L2B2:=-0.002908787374799;
KQTL11.R2B1:=-0.001770624604912;
KQTL11.R2B2:=0.000729715963854;
KQX.L2:=0.008889797681;
;
! </IR2 squeeze strength data> ;
