;
! <IR2 squeeze strength data> ;
! Created: Mon 15 Jun 2009 16:00:41 ;
! Squeeze parameters: BETA.IP2 8.5 ;
! Squeeze parameter: KQX.L2 0.0088898 ;
;
! <Non-settings > ;
;
! </Non-settings > ;
ACBCH5.R2B2:=0.;
ACBCH6.L2B2:=0.;
ACBCH6.R2B1:=0.;
ACBCHS5.R2B1:=-0.000035409526251*ON_SEP2;
ACBCHS5.R2B2:=0.0000263396633375*ON_SEP2;
ACBCV5.R2B1:=0.;
ACBCV6.L2B1:=-3.32476204025e-6*ON_X2;
ACBCV6.R2B2:=-3.08647292575e-6*ON_X2;
ACBCVS5.R2B1:=0.0000123373777045*ON_X2;
ACBCVS5.R2B2:=0.;
ACBXH1.L2:=0.*ON_SEP2;
ACBXH1.R2:=0.*ON_SEP2;
ACBXV1.L2:=0.*ON_X2;
ACBXV1.R2:=0.*ON_X2;
ACBYH4.L2B2:=0.;
ACBYH4.R2B1:=0.;
ACBYH5.L2B1:=0.;
ACBYHS4.L2B1:=0.0000442286777765*ON_SEP2;
ACBYHS4.L2B2:=-0.000026384106675*ON_SEP2;
ACBYHS4.R2B1:=0.00003595520891325*ON_SEP2;
ACBYHS4.R2B2:=-0.0000526404773315*ON_SEP2;
ACBYHS5.L2B1:=-0.0000212210493465*ON_SEP2;
ACBYHS5.L2B2:=0.0000242103559925*ON_SEP2;
ACBYV4.L2B1:=0.;
ACBYV4.R2B2:=0.;
ACBYV5.L2B2:=0.;
ACBYVS4.L2B1:=-3.3514782785e-6*ON_X2;
ACBYVS4.L2B2:=-7.7211028555e-6*ON_X2;
ACBYVS4.R2B1:=-0.00001151909983975*ON_X2;
ACBYVS4.R2B2:=-3.39646896875e-6*ON_X2;
ACBYVS5.L2B1:=0.;
ACBYVS5.L2B2:=9.400884720749999e-6*ON_X2;
BETA.IP2:=8.5;
KQ10.L2B1:=-0.006891849022285;
KQ10.L2B2:=0.007483367635749;
KQ10.R2B1:=0.007460362177149;
KQ10.R2B2:=-0.006823628924244;
KQ4.L2B1:=-0.003343466296133;
KQ4.L2B2:=0.00276269159445;
KQ4.R2B1:=0.002791816361321;
KQ4.R2B2:=-0.003434606070303;
KQ5.L2B1:=0.004285766865747;
KQ5.L2B2:=-0.002905118898715;
KQ5.R2B1:=-0.00298852864833;
KQ5.R2B2:=0.004374054808142;
KQ6.L2B1:=-0.004489661844093;
KQ6.L2B2:=0.003893210644859;
KQ6.R2B1:=0.003960362778711;
KQ6.R2B2:=-0.004554109657826;
KQ7.L2B1:=0.007438239651667;
KQ7.L2B2:=-0.006464417507414;
KQ7.R2B1:=-0.006466608802402;
KQ7.R2B2:=0.007481948484341;
KQ8.L2B1:=-0.005784162647738;
KQ8.L2B2:=0.00704372921574;
KQ8.R2B1:=0.006933178295493;
KQ8.R2B2:=-0.005534384040244;
KQ9.L2B1:=0.00699772866178;
KQ9.L2B2:=-0.007668507982786;
KQ9.R2B1:=-0.00725630860002;
KQ9.R2B2:=0.00697029200634;
KQT12.L2B1:=-0.003721961911165;
KQT12.L2B2:=-0.001731384970586;
KQT12.R2B1:=-0.002311872733181;
KQT12.R2B2:=-0.003317316623105;
KQT13.L2B1:=0.002460484849435;
KQT13.L2B2:=-0.003255982601505;
KQT13.R2B1:=-0.003375960701817;
KQT13.R2B2:=0.002833190418868;
KQTL11.L2B1:=0.000659750069505;
KQTL11.L2B2:=-0.002879965462892;
KQTL11.R2B1:=-0.001743087007356;
KQTL11.R2B2:=0.000694587786801;
KQX.L2:=0.008889797681;
;
! </IR2 squeeze strength data> ;
