;
! <IR2 squeeze strength data> ;
! Created: Mon 15 Jun 2009 16:00:43 ;
! Squeeze parameters: BETA.IP2 5. ;
! Squeeze parameter: KQX.L2 0.0088898 ;
;
! <Non-settings > ;
;
! </Non-settings > ;
ACBCH5.R2B2:=0.;
ACBCH6.L2B2:=0.;
ACBCH6.R2B1:=0.;
ACBCHS5.R2B1:=-0.000035243159799*ON_SEP2;
ACBCHS5.R2B2:=0.000026422431627*ON_SEP2;
ACBCV5.R2B1:=0.;
ACBCV6.L2B1:=-4.652169658e-6*ON_X2;
ACBCV6.R2B2:=-4.25224943e-6*ON_X2;
ACBCVS5.R2B1:=0.000016085575469*ON_X2;
ACBCVS5.R2B2:=0.;
ACBXH1.L2:=0.*ON_SEP2;
ACBXH1.R2:=0.*ON_SEP2;
ACBXV1.L2:=0.*ON_X2;
ACBXV1.R2:=0.*ON_X2;
ACBYH4.L2B2:=0.;
ACBYH4.R2B1:=0.;
ACBYH5.L2B1:=0.;
ACBYHS4.L2B1:=0.000043858713099*ON_SEP2;
ACBYHS4.L2B2:=-0.000027365152547*ON_SEP2;
ACBYHS4.R2B1:=0.000036589978649*ON_SEP2;
ACBYHS4.R2B2:=-0.00005225931366*ON_SEP2;
ACBYHS5.L2B1:=-0.000020736546276*ON_SEP2;
ACBYHS5.L2B2:=0.000024343520306*ON_SEP2;
ACBYV4.L2B1:=0.;
ACBYV4.R2B2:=0.;
ACBYV5.L2B2:=0.;
ACBYVS4.L2B1:=-4.466614678e-6*ON_X2;
ACBYVS4.L2B2:=-9.645654733e-6*ON_X2;
ACBYVS4.R2B1:=-0.000014704914428*ON_X2;
ACBYVS4.R2B2:=-4.487880915e-6*ON_X2;
ACBYVS5.L2B1:=0.;
ACBYVS5.L2B2:=0.000012076078454*ON_X2;
BETA.IP2:=5.;
KQ10.L2B1:=-0.006622959193454;
KQ10.L2B2:=0.007482141877627;
KQ10.R2B1:=0.007456645681688;
KQ10.R2B2:=-0.006606699178479;
KQ4.L2B1:=-0.003198672852402;
KQ4.L2B2:=0.002572219774873;
KQ4.R2B1:=0.002658724162105;
KQ4.R2B2:=-0.003303653439516;
KQ5.L2B1:=0.003610890497351;
KQ5.L2B2:=-0.002467139114866;
KQ5.R2B1:=-0.002621937748376;
KQ5.R2B2:=0.003740236491447;
KQ6.L2B1:=-0.004706463464867;
KQ6.L2B2:=0.004272978261593;
KQ6.R2B1:=0.004375974672202;
KQ6.R2B2:=-0.004762865545787;
KQ7.L2B1:=0.0073641260385;
KQ7.L2B2:=-0.006794033086424;
KQ7.R2B1:=-0.00684387018518;
KQ7.R2B2:=0.007425275755985;
KQ8.L2B1:=-0.005685499978385;
KQ8.L2B2:=0.007583807484004;
KQ8.R2B1:=0.007452943829786;
KQ8.R2B2:=-0.005437792941481;
KQ9.L2B1:=0.007010948736469;
KQ9.L2B2:=-0.007591427120311;
KQ9.R2B1:=-0.00715835745762;
KQ9.R2B2:=0.006982183448745;
KQT12.L2B1:=-0.003739788843595;
KQT12.L2B2:=-0.001329177878791;
KQT12.R2B1:=-0.001975617590124;
KQT12.R2B2:=-0.003341886464265;
KQT13.L2B1:=0.002369494723021;
KQT13.L2B2:=-0.003221130000848;
KQT13.R2B1:=-0.003315449579118;
KQT13.R2B2:=0.002696391530436;
KQTL11.L2B1:=0.000355241801682;
KQTL11.L2B2:=-0.00269196997963;
KQTL11.R2B1:=-0.001542316546436;
KQTL11.R2B2:=0.000411929608031;
KQX.L2:=0.008889797681;
;
! </IR2 squeeze strength data> ;
