;
! <IR2 squeeze strength data> ;
! Created: Mon 15 Jun 2009 16:00:42 ;
! Squeeze parameters: BETA.IP2 6.5 ;
! Squeeze parameter: KQX.L2 0.0088898 ;
;
! <Non-settings > ;
;
! </Non-settings > ;
ACBCH5.R2B2:=0.;
ACBCH6.L2B2:=0.;
ACBCH6.R2B1:=0.;
ACBCHS5.R2B1:=-0.00003535051454375*ON_SEP2;
ACBCHS5.R2B2:=0.0000263739823965*ON_SEP2;
ACBCV5.R2B1:=0.;
ACBCV6.L2B1:=-3.9564922875e-6*ON_X2;
ACBCV6.R2B2:=-3.64518673375e-6*ON_X2;
ACBCVS5.R2B1:=0.0000141603763845*ON_X2;
ACBCVS5.R2B2:=0.;
ACBXH1.L2:=0.*ON_SEP2;
ACBXH1.R2:=0.*ON_SEP2;
ACBXV1.L2:=0.*ON_X2;
ACBXV1.R2:=0.*ON_X2;
ACBYH4.L2B2:=0.;
ACBYH4.R2B1:=0.;
ACBYH5.L2B1:=0.;
ACBYHS4.L2B1:=0.000044079974421*ON_SEP2;
ACBYHS4.L2B2:=-0.0000267407031315*ON_SEP2;
ACBYHS4.R2B1:=0.0000361803292735*ON_SEP2;
ACBYHS4.R2B2:=-0.0000524824039535*ON_SEP2;
ACBYHS5.L2B1:=-0.000020972458283999998*ON_SEP2;
ACBYHS5.L2B2:=0.000024291875591500002*ON_SEP2;
ACBYV4.L2B1:=0.;
ACBYV4.R2B2:=0.;
ACBYV5.L2B2:=0.;
ACBYVS4.L2B1:=-3.9190401612500005e-6*ON_X2;
ACBYVS4.L2B2:=-8.72551739325e-6*ON_X2;
ACBYVS4.R2B1:=-0.00001312017520575*ON_X2;
ACBYVS4.R2B2:=-3.95607284725e-6*ON_X2;
ACBYVS5.L2B1:=0.;
ACBYVS5.L2B2:=0.00001071061551275*ON_X2;
BETA.IP2:=6.5;
KQ10.L2B1:=-0.006740531790569;
KQ10.L2B2:=0.007482311004226;
KQ10.R2B1:=0.007457757845095;
KQ10.R2B2:=-0.006705060674347;
KQ4.L2B1:=-0.003277318427557;
KQ4.L2B2:=0.002715441842178;
KQ4.R2B1:=0.002761651188795;
KQ4.R2B2:=-0.003352297992511;
KQ5.L2B1:=0.003954122424018;
KQ5.L2B2:=-0.002736598104572;
KQ5.R2B1:=-0.002841853654401;
KQ5.R2B2:=0.004053349766616;
KQ6.L2B1:=-0.00458376077573;
KQ6.L2B2:=0.004073116661313;
KQ6.R2B1:=0.004153335738436;
KQ6.R2B2:=-0.004636092797002;
KQ7.L2B1:=0.00737033807614;
KQ7.L2B2:=-0.006638067460473;
KQ7.R2B1:=-0.00666102845385;
KQ7.R2B2:=0.007418297180067;
KQ8.L2B1:=-0.005752534260586;
KQ8.L2B2:=0.007324977217984;
KQ8.R2B1:=0.007216883091108;
KQ8.R2B2:=-0.005531296984117;
KQ9.L2B1:=0.007006077200169;
KQ9.L2B2:=-0.007613170907552;
KQ9.R2B1:=-0.007188588950504;
KQ9.R2B2:=0.006979457625293;
KQT12.L2B1:=-0.003722691164157;
KQT12.L2B2:=-0.001531052529073;
KQT12.R2B1:=-0.002136762750848;
KQT12.R2B2:=-0.003324587794044;
KQT13.L2B1:=0.002469929825094;
KQT13.L2B2:=-0.003240137830737;
KQT13.R2B1:=-0.003345556099949;
KQT13.R2B2:=0.002811631305244;
KQTL11.L2B1:=0.000492956355956;
KQTL11.L2B2:=-0.002791788566123;
KQTL11.R2B1:=-0.001633305068549;
KQTL11.R2B2:=0.000538045822388;
KQX.L2:=0.008889797681;
;
! </IR2 squeeze strength data> ;
