;
! <IR2 squeeze strength data> ;
! Created: Mon 15 Jun 2009 16:00:45 ;
! Squeeze parameters: BETA.IP2 0.5 ;
! Squeeze parameter: KQX.L2 0.0088898 ;
;
! <Non-settings > ;
;
! </Non-settings > ;
ACBCH5.R2B2:=0.;
ACBCH6.L2B2:=0.;
ACBCH6.R2B1:=0.;
ACBCHS5.R2B1:=-0.000034605121769*ON_SEP2;
ACBCHS5.R2B2:=0.000027348761624*ON_SEP2;
ACBCV5.R2B1:=0.;
ACBCV6.L2B1:=-0.000020389401323*ON_X2;
ACBCV6.R2B2:=-0.000016728143299*ON_X2;
ACBCVS5.R2B1:=0.000051580478234*ON_X2;
ACBCVS5.R2B2:=0.;
ACBXH1.L2:=0.*ON_SEP2;
ACBXH1.R2:=0.*ON_SEP2;
ACBXV1.L2:=0.*ON_X2;
ACBXV1.R2:=0.*ON_X2;
ACBYH4.L2B2:=0.;
ACBYH4.R2B1:=0.;
ACBYH5.L2B1:=0.;
ACBYHS4.L2B1:=0.000039473305479*ON_SEP2;
ACBYHS4.L2B2:=-0.000030087250177*ON_SEP2;
ACBYHS4.R2B1:=0.000039028246845*ON_SEP2;
ACBYHS4.R2B2:=-0.000048011922409*ON_SEP2;
ACBYHS5.L2B1:=-0.000019680139425*ON_SEP2;
ACBYHS5.L2B2:=0.000024629123031*ON_SEP2;
ACBYV4.L2B1:=0.;
ACBYV4.R2B2:=0.;
ACBYV5.L2B2:=0.;
ACBYVS4.L2B1:=-7.311726594e-6*ON_X2;
ACBYVS4.L2B2:=-0.00002696085393*ON_X2;
ACBYVS4.R2B1:=-0.000043235241097*ON_X2;
ACBYVS4.R2B2:=-6.191359957e-6*ON_X2;
ACBYVS5.L2B1:=0.;
ACBYVS5.L2B2:=0.000037229902265*ON_X2;
BETA.IP2:=0.5;
KQ10.L2B1:=-0.005901299068681;
KQ10.L2B2:=0.007457909466141;
KQ10.R2B1:=0.007426769875735;
KQ10.R2B2:=-0.005950952844087;
KQ4.L2B1:=-0.001968011310392;
KQ4.L2B2:=0.002049299156763;
KQ4.R2B1:=0.002151297291193;
KQ4.R2B2:=-0.002042541287148;
KQ5.L2B1:=0.001337192339936;
KQ5.L2B2:=-0.001402181885248;
KQ5.R2B1:=-0.001546822506096;
KQ5.R2B2:=0.001452179249998;
KQ6.L2B1:=-0.00685;
KQ6.L2B2:=0.006850461577559;
KQ6.R2B1:=0.006699458441526;
KQ6.R2B2:=-0.006721339750934;
KQ7.L2B1:=0.00855;
KQ7.L2B2:=-0.008565690264072;
KQ7.R2B1:=-0.00855;
KQ7.R2B2:=0.008554782425086;
KQ8.L2B1:=-0.005718781135321;
KQ8.L2B2:=0.007176449805238;
KQ8.R2B1:=0.006760546244397;
KQ8.R2B2:=-0.005487712270105;
KQ9.L2B1:=0.006574232763379;
KQ9.L2B2:=-0.006901090968325;
KQ9.R2B1:=-0.006488648313544;
KQ9.R2B2:=0.00649013104031;
KQT12.L2B1:=-0.004480553557736;
KQT12.L2B2:=-0.000611343962939;
KQT12.R2B1:=-0.00132490598533;
KQT12.R2B2:=-0.004;
KQT13.L2B1:=-0.00190294447465;
KQT13.L2B2:=-0.003;
KQT13.R2B1:=-0.003127471165018;
KQT13.R2B2:=-0.002021321199664;
KQTL11.L2B1:=-0.000719076619395;
KQTL11.L2B2:=-0.002686506803472;
KQTL11.R2B1:=-0.001752226624517;
KQTL11.R2B2:=-0.000600492026924;
KQX.L2:=0.008889797681;
;
! </IR2 squeeze strength data> ;
