;
! <IR2 squeeze strength data> ;
! Created: Wed 16 Sep 2009 00:35:16 ;
! Squeeze parameters: BETA.IP2 10. ;
! Squeeze parameter: KQX.L2 0.0089673 ;
;
! <Non-settings> ;
! StrengthFileName IR2BumpMatching-2009-09-16-00-35-11.str ;
;
! </Non-settings> ;
BETA.IP2:=10.;
KQX.L2:=0.0089672999475;
KQTL11.R2B2:=0.001059192770635;
KQTL11.R2B1:=-0.001757111092126;
KQTL11.L2B2:=-0.003201812193643;
KQTL11.L2B1:=0.000637204285825;
KQT13.R2B2:=0.002757649287074;
KQT13.R2B1:=-0.003336875861133;
KQT13.L2B2:=-0.002758440498924;
KQT13.L2B1:=0.001561933562478;
KQT12.R2B2:=-0.002901824186512;
KQT12.R2B1:=-0.002500033341931;
KQT12.L2B2:=-0.0022513330358;
KQT12.L2B1:=-0.003380443503487;
KQ9.R2B2:=0.007231935216715;
KQ9.R2B1:=-0.007083095446588;
KQ9.L2B2:=-0.008065747539853;
KQ9.L2B1:=0.006855571829612;
KQ8.R2B2:=-0.006125066319897;
KQ8.R2B1:=0.006593672764178;
KQ8.L2B2:=0.00692226922202;
KQ8.L2B1:=-0.005357971180865;
KQ7.R2B2:=0.007093214164988;
KQ7.R2B1:=-0.006430011276407;
KQ7.L2B2:=-0.006372926207094;
KQ7.L2B1:=0.007317817082429;
KQ6.R2B2:=-0.004074728286666;
KQ6.R2B1:=0.00403337609112;
KQ6.L2B2:=0.003854853835444;
KQ6.L2B1:=-0.004435875974592;
KQ5.R2B2:=0.003612413348422;
KQ5.R2B1:=-0.003424286520426;
KQ5.L2B2:=-0.002890604419019;
KQ5.L2B1:=0.0043601485762;
KQ4.R2B2:=-0.001857674215188;
KQ4.R2B1:=0.003138756395308;
KQ4.L2B2:=0.002994922151075;
KQ4.L2B1:=-0.003478180335444;
KQ10.R2B2:=-0.00816837015578;
KQ10.R2B1:=0.007449129332891;
KQ10.L2B2:=0.007525932173431;
KQ10.L2B1:=-0.006800654296227;
ACBYVS5.L2B2:=0.000049559642046*ON_X2;
ACBYVS5.L2B1:=0.;
ACBYVS4.R2B2:=4.77725001e-7*ON_X2;
ACBYVS4.R2B1:=-0.000060244441406*ON_X2;
ACBYVS4.L2B2:=-0.000039431913919*ON_X2;
ACBYVS4.L2B1:=-0.000023385714206*ON_X2;
ACBYV5.L2B2:=0.;
ACBYV4.R2B2:=0.;
ACBYV4.L2B1:=0.;
ACBYHS5.L2B2:=0.000025376529469*ON_SEP2;
ACBYHS5.L2B1:=-0.000024046365837*ON_SEP2;
ACBYHS4.R2B2:=-0.000055701449174*ON_SEP2;
ACBYHS4.R2B1:=0.000037867630663*ON_SEP2;
ACBYHS4.L2B2:=-0.000028209687234*ON_SEP2;
ACBYHS4.L2B1:=0.000052643863811*ON_SEP2;
ACBYH5.L2B1:=0.;
ACBYH4.R2B1:=0.;
ACBYH4.L2B2:=0.;
ACBXV1.R2:=0.*ON_X2;
ACBXV1.L2:=0.*ON_X2;
ACBXH1.R2:=4.0630561875e-6*ON_SEP2;
ACBXH1.L2:=4.1077465875e-6*ON_SEP2;
ACBCVS5.R2B2:=0.;
ACBCVS5.R2B1:=0.00006488949726*ON_X2;
ACBCV6.R2B2:=-0.000015872342171*ON_X2;
ACBCV6.L2B1:=-0.000016809961644*ON_X2;
ACBCV5.R2B1:=0.;
ACBCHS5.R2B2:=0.000031256300965*ON_SEP2;
ACBCHS5.R2B1:=-0.000037395754369*ON_SEP2;
ACBCH6.R2B1:=0.;
ACBCH6.L2B2:=0.;
ACBCH5.R2B2:=0.;
;
! </IR2 squeeze strength data> ;
