;
! <IR2 squeeze strength data> ;
! Created: Mon 15 Jun 2009 16:00:40 ;
! Squeeze parameters: BETA.IP2 9.5 ;
! Squeeze parameter: KQX.L2 0.0088898 ;
;
! <Non-settings > ;
;
! </Non-settings > ;
ACBCH5.R2B2:=0.;
ACBCH6.L2B2:=0.;
ACBCH6.R2B1:=0.;
ACBCHS5.R2B1:=-0.000035412873833*ON_SEP2;
ACBCHS5.R2B2:=0.0000263333906925*ON_SEP2;
ACBCV5.R2B1:=0.;
ACBCV6.L2B1:=-3.10410468675e-6*ON_X2;
ACBCV6.R2B2:=-2.88888261925e-6*ON_X2;
ACBCVS5.R2B1:=0.0000116676519015*ON_X2;
ACBCVS5.R2B2:=0.;
ACBXH1.L2:=0.*ON_SEP2;
ACBXH1.R2:=0.*ON_SEP2;
ACBXV1.L2:=0.*ON_X2;
ACBXV1.R2:=0.*ON_X2;
ACBYH4.L2B2:=0.;
ACBYH4.R2B1:=0.;
ACBYH5.L2B1:=0.;
ACBYHS4.L2B1:=0.0000442578022635*ON_SEP2;
ACBYHS4.L2B2:=-0.000026333639870999997*ON_SEP2;
ACBYHS4.R2B1:=0.00003594244010575*ON_SEP2;
ACBYHS4.R2B2:=-0.0000526693753805*ON_SEP2;
ACBYHS5.L2B1:=-0.0000213152166015*ON_SEP2;
ACBYHS5.L2B2:=0.0000241691014435*ON_SEP2;
ACBYV4.L2B1:=0.;
ACBYV4.R2B2:=0.;
ACBYV5.L2B2:=0.;
ACBYVS4.L2B1:=-3.1312946195000002e-6*ON_X2;
ACBYVS4.L2B2:=-7.3154387805e-6*ON_X2;
ACBYVS4.R2B1:=-0.00001089835277925*ON_X2;
ACBYVS4.R2B2:=-3.17204369425e-6*ON_X2;
ACBYVS5.L2B1:=0.;
ACBYVS5.L2B2:=8.91370603625e-6*ON_X2;
BETA.IP2:=9.5;
KQ10.L2B1:=-0.006964408330098;
KQ10.L2B2:=0.00748365501284;
KQ10.R2B1:=0.007460560633998;
KQ10.R2B2:=-0.006884973509775;
KQ4.L2B1:=-0.003353186326586;
KQ4.L2B2:=0.002772700265429;
KQ4.R2B1:=0.002794013360503;
KQ4.R2B2:=-0.003441122363666;
KQ5.L2B1:=0.004400772979221;
KQ5.L2B2:=-0.002975904424968;
KQ5.R2B1:=-0.003049536712323;
KQ5.R2B2:=0.00448062361193;
KQ6.L2B1:=-0.004456384005524;
KQ6.L2B2:=0.003843499027927;
KQ6.R2B1:=0.003905152320928;
KQ6.R2B2:=-0.004522080427531;
KQ7.L2B1:=0.007481133350519;
KQ7.L2B2:=-0.006401347958667;
KQ7.R2B1:=-0.006394067808691;
KQ7.R2B2:=0.007520185171302;
KQ8.L2B1:=-0.005787804689134;
KQ8.L2B2:=0.006901010883704;
KQ8.R2B1:=0.006784577739563;
KQ8.R2B2:=-0.00553417867055;
KQ9.L2B1:=0.006997068507322;
KQ9.L2B2:=-0.007691035380967;
KQ9.R2B1:=-0.007284147687676;
KQ9.R2B2:=0.006969641931101;
KQT12.L2B1:=-0.003724093807876;
KQT12.L2B2:=-0.001815489064351;
KQT12.R2B1:=-0.002394540012214;
KQT12.R2B2:=-0.003315942190746;
KQT13.L2B1:=0.002435164243893;
KQT13.L2B2:=-0.00326253312461;
KQT13.R2B1:=-0.003389258901273;
KQT13.R2B2:=0.002817851450639;
KQTL11.L2B1:=0.00073481000467;
KQTL11.L2B2:=-0.002937609286707;
KQTL11.R2B1:=-0.001798162202469;
KQTL11.R2B2:=0.000764844140907;
KQX.L2:=0.008889797681;
;
! </IR2 squeeze strength data> ;
