;
! <IR2 squeeze strength data> ;
! Created: Mon 15 Jun 2009 16:00:44 ;
! Squeeze parameters: BETA.IP2 1.5 ;
! Squeeze parameter: KQX.L2 0.0088898 ;
;
! <Non-settings > ;
;
! </Non-settings > ;
ACBCH5.R2B2:=0.;
ACBCH6.L2B2:=0.;
ACBCH6.R2B1:=0.;
ACBCHS5.R2B1:=-0.000034520410431*ON_SEP2;
ACBCHS5.R2B2:=0.000027080555265*ON_SEP2;
ACBCV5.R2B1:=0.;
ACBCV6.L2B1:=-0.000010630552836*ON_X2;
ACBCV6.R2B2:=-9.156712003e-6*ON_X2;
ACBCVS5.R2B1:=0.000029836368784*ON_X2;
ACBCVS5.R2B2:=0.;
ACBXH1.L2:=0.*ON_SEP2;
ACBXH1.R2:=0.*ON_SEP2;
ACBXV1.L2:=0.*ON_X2;
ACBXV1.R2:=0.*ON_X2;
ACBYH4.L2B2:=0.;
ACBYH4.R2B1:=0.;
ACBYH5.L2B1:=0.;
ACBYHS4.L2B1:=0.000040683515572*ON_SEP2;
ACBYHS4.L2B2:=-0.000030146104438*ON_SEP2;
ACBYHS4.R2B1:=0.00003935242765*ON_SEP2;
ACBYHS4.R2B2:=-0.000049238268249*ON_SEP2;
ACBYHS5.L2B1:=-0.000019845969822*ON_SEP2;
ACBYHS5.L2B2:=0.000024613286396*ON_SEP2;
ACBYV4.L2B1:=0.;
ACBYV4.R2B2:=0.;
ACBYV5.L2B2:=0.;
ACBYVS4.L2B1:=-5.32972932e-6*ON_X2;
ACBYVS4.L2B2:=-0.000015518854973*ON_X2;
ACBYVS4.R2B1:=-0.00002470431783*ON_X2;
ACBYVS4.R2B2:=-4.934692627e-6*ON_X2;
ACBYVS5.L2B1:=0.;
ACBYVS5.L2B2:=0.000021507766696*ON_X2;
BETA.IP2:=1.5;
KQ10.L2B1:=-0.006374399401605;
KQ10.L2B2:=0.007487511299912;
KQ10.R2B1:=0.007467304235262;
KQ10.R2B2:=-0.006447500207309;
KQ4.L2B1:=-0.002295424200812;
KQ4.L2B2:=0.002038619605614;
KQ4.R2B1:=0.002082745103243;
KQ4.R2B2:=-0.002400465977246;
KQ5.L2B1:=0.001813975114423;
KQ5.L2B2:=-0.00140976957286;
KQ5.R2B1:=-0.00150939187699;
KQ5.R2B2:=0.001979346660801;
KQ6.L2B1:=-0.005731343181047;
KQ6.L2B2:=0.006187084483329;
KQ6.R2B1:=0.006189228630887;
KQ6.R2B2:=-0.005686113174644;
KQ7.L2B1:=0.007547546033427;
KQ7.L2B2:=-0.007593080469372;
KQ7.R2B1:=-0.007628981883221;
KQ7.R2B2:=0.007578889591784;
KQ8.L2B1:=-0.006062062451271;
KQ8.L2B2:=0.008355006527922;
KQ8.R2B1:=0.008245852323035;
KQ8.R2B2:=-0.005773386582704;
KQ9.L2B1:=0.006820468415816;
KQ9.L2B2:=-0.007276170660046;
KQ9.R2B1:=-0.006884071457201;
KQ9.R2B2:=0.006741262809292;
KQT12.L2B1:=-0.004267449551342;
KQT12.L2B2:=-0.000438543295429;
KQT12.R2B1:=-0.001045899747538;
KQT12.R2B2:=-0.003814126772211;
KQT13.L2B1:=-0.000744676949068;
KQT13.L2B2:=-0.003036319216112;
KQT13.R2B1:=-0.003140181060474;
KQT13.R2B2:=-0.000832621969066;
KQTL11.L2B1:=-0.000078111763259;
KQTL11.L2B2:=-0.002467978251899;
KQTL11.R2B1:=-0.001424434262837;
KQTL11.R2B2:=0.000019262803376;
KQX.L2:=0.008889797681;
;
! </IR2 squeeze strength data> ;
