;
! <IR2 squeeze strength data> ;
! Created: Mon 15 Jun 2009 16:00:44 ;
! Squeeze parameters: BETA.IP2 0.9 ;
! Squeeze parameter: KQX.L2 0.0088898 ;
;
! <Non-settings > ;
;
! </Non-settings > ;
ACBCH5.R2B2:=0.;
ACBCH6.L2B2:=0.;
ACBCH6.R2B1:=0.;
ACBCHS5.R2B1:=-0.00003461850378*ON_SEP2;
ACBCHS5.R2B2:=0.000027257994791*ON_SEP2;
ACBCV5.R2B1:=0.;
ACBCV6.L2B1:=-0.000014406821117*ON_X2;
ACBCV6.R2B2:=-0.00001218622635*ON_X2;
ACBCVS5.R2B1:=0.00003843436976*ON_X2;
ACBCVS5.R2B2:=0.;
ACBXH1.L2:=0.*ON_SEP2;
ACBXH1.R2:=0.*ON_SEP2;
ACBXV1.L2:=0.*ON_X2;
ACBXV1.R2:=0.*ON_X2;
ACBYH4.L2B2:=0.;
ACBYH4.R2B1:=0.;
ACBYH5.L2B1:=0.;
ACBYHS4.L2B1:=0.000039981582417*ON_SEP2;
ACBYHS4.L2B2:=-0.000030064200529*ON_SEP2;
ACBYHS4.R2B1:=0.00003897703896*ON_SEP2;
ACBYHS4.R2B2:=-0.000048426638133*ON_SEP2;
ACBYHS5.L2B1:=-0.000019778469973*ON_SEP2;
ACBYHS5.L2B2:=0.00002458637721*ON_SEP2;
ACBYV4.L2B1:=0.;
ACBYV4.R2B2:=0.;
ACBYV5.L2B2:=0.;
ACBYVS4.L2B1:=-5.888929792e-6*ON_X2;
ACBYVS4.L2B2:=-0.000020114922922*ON_X2;
ACBYVS4.R2B1:=-0.000032277973543*ON_X2;
ACBYVS4.R2B2:=-5.072028983e-6*ON_X2;
ACBYVS5.L2B1:=0.;
ACBYVS5.L2B2:=0.000027813023532*ON_X2;
BETA.IP2:=0.9;
KQ10.L2B1:=-0.006131640441453;
KQ10.L2B2:=0.007473880545708;
KQ10.R2B1:=0.007440768613036;
KQ10.R2B2:=-0.006156977939628;
KQ4.L2B1:=-0.002106489778914;
KQ4.L2B2:=0.002055257118537;
KQ4.R2B1:=0.002162102020154;
KQ4.R2B2:=-0.002163029422302;
KQ5.L2B1:=0.001577383515983;
KQ5.L2B2:=-0.001467022933857;
KQ5.R2B1:=-0.001620316371707;
KQ5.R2B2:=0.001663911835898;
KQ6.L2B1:=-0.006282024907838;
KQ6.L2B2:=0.006553129927555;
KQ6.R2B1:=0.006385677826801;
KQ6.R2B2:=-0.006198308603863;
KQ7.L2B1:=0.008008785747973;
KQ7.L2B2:=-0.008026662047835;
KQ7.R2B1:=-0.007996680193738;
KQ7.R2B2:=0.007978907820757;
KQ8.L2B1:=-0.005967458605878;
KQ8.L2B2:=0.007905503274935;
KQ8.R2B1:=0.007524217996788;
KQ8.R2B2:=-0.005747701933857;
KQ9.L2B1:=0.006697986660318;
KQ9.L2B2:=-0.007058011885121;
KQ9.R2B1:=-0.006612932880635;
KQ9.R2B2:=0.006599978275331;
KQT12.L2B1:=-0.004376201994676;
KQT12.L2B2:=-0.000428892550088;
KQT12.R2B1:=-0.001133126344593;
KQT12.R2B2:=-0.003924666317691;
KQT13.L2B1:=-0.001339740085945;
KQT13.L2B2:=-0.002981404910664;
KQT13.R2B1:=-0.003114553430985;
KQT13.R2B2:=-0.001607751241409;
KQTL11.L2B1:=-0.000359016084067;
KQTL11.L2B2:=-0.002559753932822;
KQTL11.R2B1:=-0.001576949787605;
KQTL11.R2B2:=-0.000253094791455;
KQX.L2:=0.008889797681;
;
! </IR2 squeeze strength data> ;
