;
! <IR2 squeeze strength data> ;
! Created: Wed 16 Sep 2009 00:35:11 ;
! Squeeze parameters: BETA.IP2 10. ;
! Squeeze parameter: KQX.L2 0.0090448 ;
;
! <Non-settings> ;
! StrengthFileName IR2BumpMatching-2009-09-16-00-35-05.str ;
;
! </Non-settings> ;
BETA.IP2:=10.;
KQX.L2:=0.009044802214;
KQTL11.R2B2:=0.000961034088059;
KQTL11.R2B1:=-0.001781503776352;
KQTL11.L2B2:=-0.002704985934205;
KQTL11.L2B1:=0.000467347455255;
KQT13.R2B2:=0.002705116607625;
KQT13.R2B1:=-0.003277843721265;
KQT13.L2B2:=-0.002251072611686;
KQT13.L2B1:=0.000701363183835;
KQT12.R2B2:=-0.002488393398458;
KQT12.R2B1:=-0.002564193032132;
KQT12.L2B2:=-0.002645124960374;
KQT12.L2B1:=-0.003035727250743;
KQ9.R2B2:=0.007203486964241;
KQ9.R2B1:=-0.006798995082326;
KQ9.L2B2:=-0.007902665674015;
KQ9.L2B1:=0.006688134507686;
KQ8.R2B2:=-0.005920691571809;
KQ8.R2B1:=0.006420873021332;
KQ8.L2B2:=0.006776688920118;
KQ8.L2B1:=-0.004843928830691;
KQ7.R2B2:=0.006975867587634;
KQ7.R2B1:=-0.006506944719429;
KQ7.L2B2:=-0.006388775176924;
KQ7.L2B1:=0.007032516791604;
KQ6.R2B2:=-0.004114186609115;
KQ6.R2B1:=0.004201971113956;
KQ6.L2B2:=0.003930671210405;
KQ6.L2B1:=-0.004402886686722;
KQ5.R2B2:=0.003551341716656;
KQ5.R2B1:=-0.003862086222681;
KQ5.L2B2:=-0.003099363601541;
KQ5.L2B1:=0.004318635587983;
KQ4.R2B2:=-0.001986385906194;
KQ4.R2B1:=0.003623613832689;
KQ4.L2B2:=0.003215728420921;
KQ4.L2B1:=-0.003804817865269;
KQ10.R2B2:=-0.007971156209813;
KQ10.R2B1:=0.007434963019;
KQ10.L2B2:=0.007501353694074;
KQ10.L2B1:=-0.006479739880105;
ACBYVS5.L2B2:=0.000055379544949*ON_X2;
ACBYVS5.L2B1:=0.;
ACBYVS4.R2B2:=-7.407764801e-6*ON_X2;
ACBYVS4.R2B1:=-0.000066722193407*ON_X2;
ACBYVS4.L2B2:=-0.000041351669116*ON_X2;
ACBYVS4.L2B1:=-0.000036299632341*ON_X2;
ACBYV5.L2B2:=0.;
ACBYV4.R2B2:=0.;
ACBYV4.L2B1:=0.;
ACBYHS5.L2B2:=0.000026683205586*ON_SEP2;
ACBYHS5.L2B1:=-0.000026466983443*ON_SEP2;
ACBYHS4.R2B2:=-0.000064252935377*ON_SEP2;
ACBYHS4.R2B1:=0.000039059707318*ON_SEP2;
ACBYHS4.L2B2:=-0.000030161644209*ON_SEP2;
ACBYHS4.L2B1:=0.000061710882943*ON_SEP2;
ACBYH5.L2B1:=0.;
ACBYH4.R2B1:=0.;
ACBYH4.L2B2:=0.;
ACBXV1.R2:=0.*ON_X2;
ACBXV1.L2:=0.*ON_X2;
ACBXH1.R2:=8.126112375e-6*ON_SEP2;
ACBXH1.L2:=8.215493175e-6*ON_SEP2;
ACBCVS5.R2B2:=0.;
ACBCVS5.R2B1:=0.00007144006164*ON_X2;
ACBCV6.R2B2:=-0.000016974956773*ON_X2;
ACBCV6.L2B1:=-0.000018071876231*ON_X2;
ACBCV5.R2B1:=0.;
ACBCHS5.R2B2:=0.00003473914167*ON_SEP2;
ACBCHS5.R2B1:=-0.000040081921743*ON_SEP2;
ACBCH6.R2B1:=0.;
ACBCH6.L2B2:=0.;
ACBCH5.R2B2:=0.;
;
! </IR2 squeeze strength data> ;
