;
! <IR2 squeeze strength data> ;
! Created: Mon 15 Jun 2009 16:00:44 ;
! Squeeze parameters: BETA.IP2 2. ;
! Squeeze parameter: KQX.L2 0.0088898 ;
;
! <Non-settings > ;
;
! </Non-settings > ;
ACBCH5.R2B2:=0.;
ACBCH6.L2B2:=0.;
ACBCH6.R2B1:=0.;
ACBCHS5.R2B1:=-0.000034563834345*ON_SEP2;
ACBCHS5.R2B2:=0.000026921893051*ON_SEP2;
ACBCV5.R2B1:=0.;
ACBCV6.L2B1:=-8.724113824e-6*ON_X2;
ACBCV6.R2B2:=-7.71638197e-6*ON_X2;
ACBCVS5.R2B1:=0.000025813986052*ON_X2;
ACBCVS5.R2B2:=0.;
ACBXH1.L2:=0.*ON_SEP2;
ACBXH1.R2:=0.*ON_SEP2;
ACBXV1.L2:=0.*ON_X2;
ACBXV1.R2:=0.*ON_X2;
ACBYH4.L2B2:=0.;
ACBYH4.R2B1:=0.;
ACBYH5.L2B1:=0.;
ACBYHS4.L2B1:=0.000041606446596*ON_SEP2;
ACBYHS4.L2B2:=-0.000030149096196*ON_SEP2;
ACBYHS4.R2B1:=0.000039186229523*ON_SEP2;
ACBYHS4.R2B2:=-0.000049965032959*ON_SEP2;
ACBYHS5.L2B1:=-0.000019987867259*ON_SEP2;
ACBYHS5.L2B2:=0.00002462330168*ON_SEP2;
ACBYV4.L2B1:=0.;
ACBYV4.R2B2:=0.;
ACBYV5.L2B2:=0.;
ACBYVS4.L2B1:=-5.429698594e-6*ON_X2;
ACBYVS4.L2B2:=-0.000013438278064*ON_X2;
ACBYVS4.R2B1:=-0.000021509098403*ON_X2;
ACBYVS4.R2B2:=-5.084786637e-6*ON_X2;
ACBYVS5.L2B1:=0.;
ACBYVS5.L2B2:=0.000018616477732*ON_X2;
BETA.IP2:=2.;
KQ10.L2B1:=-0.006525562713355;
KQ10.L2B2:=0.007493770869172;
KQ10.R2B1:=0.007472301007292;
KQ10.R2B2:=-0.006555422313939;
KQ4.L2B1:=-0.002548782045581;
KQ4.L2B2:=0.002037683418643;
KQ4.R2B1:=0.002117921968024;
KQ4.R2B2:=-0.002614927444644;
KQ5.L2B1:=0.002194229421639;
KQ5.L2B2:=-0.001395177241159;
KQ5.R2B1:=-0.001515777146259;
KQ5.R2B2:=0.002272601840647;
KQ6.L2B1:=-0.005393526138492;
KQ6.L2B2:=0.005848881827789;
KQ6.R2B1:=0.005755601176632;
KQ6.R2B2:=-0.005388851101219;
KQ7.L2B1:=0.007449960050238;
KQ7.L2B2:=-0.007405505558115;
KQ7.R2B1:=-0.007394052161401;
KQ7.R2B2:=0.007432285297253;
KQ8.L2B1:=-0.00592976706258;
KQ8.L2B2:=0.008479823830543;
KQ8.R2B1:=0.008238835620172;
KQ8.R2B2:=-0.005665571229094;
KQ9.L2B1:=0.006894652492969;
KQ9.L2B2:=-0.007462335183841;
KQ9.R2B1:=-0.007062548789739;
KQ9.R2B2:=0.006818256103224;
KQT12.L2B1:=-0.004125378855652;
KQT12.L2B2:=-0.000590443102745;
KQT12.R2B1:=-0.001273148128008;
KQT12.R2B2:=-0.003709501969727;
KQT13.L2B1:=0.000032832006671;
KQT13.L2B2:=-0.003110289926575;
KQT13.R2B1:=-0.003171057874347;
KQT13.R2B2:=-0.000121378800445;
KQTL11.L2B1:=0.000036016550022;
KQTL11.L2B2:=-0.002384665204397;
KQTL11.R2B1:=-0.001405079935502;
KQTL11.R2B2:=0.000123136281783;
KQX.L2:=0.008889797681;
;
! </IR2 squeeze strength data> ;
