;
! <IR2 squeeze strength data> ;
! Created: Wed 16 Sep 2009 00:34:58 ;
! Squeeze parameters: BETA.IP2 10. ;
! Squeeze parameter: KQX.L2 0.00919981 ;
;
! <Non-settings> ;
! StrengthFileName IR2BumpMatching-2009-09-16-00-34-53.str ;
;
! </Non-settings> ;
BETA.IP2:=10.;
KQX.L2:=0.009199806747;
KQTL11.R2B2:=0.000763384480925;
KQTL11.R2B1:=-0.001919923511275;
KQTL11.L2B2:=-0.001520318591845;
KQTL11.L2B1:=0.000047694935209;
KQT13.R2B2:=0.002600051248727;
KQT13.R2B1:=-0.003159779441531;
KQT13.L2B2:=-0.00123633683721;
KQT13.L2B1:=-0.001019777573453;
KQT12.R2B2:=-0.001661531822349;
KQT12.R2B1:=-0.002692512412534;
KQT12.L2B2:=-0.003432708809516;
KQT12.L2B1:=-0.002346294745256;
KQ9.R2B2:=0.007139985301035;
KQ9.R2B1:=-0.006666250915407;
KQ9.L2B2:=-0.007469394356992;
KQ9.L2B1:=0.006236717143914;
KQ8.R2B2:=-0.005488911084003;
KQ8.R2B1:=0.006162204803315;
KQ8.L2B2:=0.006480992134928;
KQ8.L2B1:=-0.0045361526888;
KQ7.R2B2:=0.00676225034843;
KQ7.R2B1:=-0.006729340281551;
KQ7.L2B2:=-0.006419247782084;
KQ7.L2B1:=0.006677927915566;
KQ6.R2B2:=-0.004191553246547;
KQ6.R2B1:=0.00432568143735;
KQ6.L2B2:=0.004037731222105;
KQ6.L2B1:=-0.004185369239493;
KQ5.R2B2:=0.003623036895867;
KQ5.R2B1:=-0.004325906201337;
KQ5.L2B2:=-0.003515330359847;
KQ5.L2B1:=0.00463313785483;
KQ4.R2B2:=-0.002587938320408;
KQ4.R2B1:=0.004061293292932;
KQ4.L2B2:=0.003657340960611;
KQ4.L2B1:=-0.0046083082758;
KQ10.R2B2:=-0.007542418453656;
KQ10.R2B1:=0.007433904485266;
KQ10.L2B2:=0.00743763873593;
KQ10.L2B1:=-0.005548034209851;
ACBYVS5.L2B2:=0.000061311514088*ON_X2;
ACBYVS5.L2B1:=0.;
ACBYVS4.R2B2:=-0.000032789657734*ON_X2;
ACBYVS4.R2B1:=-0.000064557537116*ON_X2;
ACBYVS4.L2B2:=-0.000037074895529*ON_X2;
ACBYVS4.L2B1:=-0.000063768435008*ON_X2;
ACBYV5.L2B2:=0.;
ACBYV4.R2B2:=0.;
ACBYV4.L2B1:=0.;
ACBYHS5.L2B2:=0.00002976814989*ON_SEP2;
ACBYHS5.L2B1:=-0.000030864934594*ON_SEP2;
ACBYHS4.R2B2:=-0.000081720416904*ON_SEP2;
ACBYHS4.R2B1:=0.000043860260718*ON_SEP2;
ACBYHS4.L2B2:=-0.000033519772028*ON_SEP2;
ACBYHS4.L2B1:=0.000079698623799*ON_SEP2;
ACBYH5.L2B1:=0.;
ACBYH4.R2B1:=0.;
ACBYH4.L2B2:=0.;
ACBXV1.R2:=0.*ON_X2;
ACBXV1.L2:=0.*ON_X2;
ACBXH1.R2:=0.00001625222475*ON_SEP2;
ACBXH1.L2:=0.00001643098635*ON_SEP2;
ACBCVS5.R2B2:=0.;
ACBCVS5.R2B1:=0.000077882164025*ON_X2;
ACBCV6.R2B2:=-0.00001627398484*ON_X2;
ACBCV6.L2B1:=-0.000016922142233*ON_X2;
ACBCV5.R2B1:=0.;
ACBCHS5.R2B2:=0.000040380789699*ON_SEP2;
ACBCHS5.R2B1:=-0.000045496786797*ON_SEP2;
ACBCH6.R2B1:=0.;
ACBCH6.L2B2:=0.;
ACBCH5.R2B2:=0.;
;
! </IR2 squeeze strength data> ;
