;
! <IR2 squeeze strength data> ;
! Created: Wed 16 Sep 2009 08:30:26 ;
! Squeeze parameters: BETA.IP2 10. ;
! Squeeze parameter: KQX.L2 0.00943231 ;
;
! <Non-settings> ;
! StrengthFileName IR2BumpMatching-2009-09-16-08-30-20.str ;
;
! </Non-settings> ;
BETA.IP2:=10.;
KQX.L2:=0.0094323135465;
KQTL11.R2B2:=0.000356783177721;
KQTL11.R2B1:=-0.001405408941533;
KQTL11.L2B2:=-0.000036113533152;
KQTL11.L2B1:=-0.000060098336856;
KQT13.R2B2:=0.002442453210378;
KQT13.R2B1:=-0.002982683021928;
KQT13.L2B2:=0.000285766824504;
KQT13.L2B1:=-0.003601488709384;
KQT12.R2B2:=-0.000421239458186;
KQT12.R2B1:=-0.002884991483136;
KQT12.L2B2:=-0.004614084583227;
KQT12.L2B1:=-0.001312145987024;
KQ9.R2B2:=0.006980982205779;
KQ9.R2B1:=-0.005753409227727;
KQ9.L2B2:=-0.007130582995245;
KQ9.L2B1:=0.005898914186882;
KQ8.R2B2:=-0.004635009220381;
KQ8.R2B1:=0.005712627260285;
KQ8.L2B2:=0.006360499139418;
KQ8.L2B1:=-0.003968113307116;
KQ7.R2B2:=0.006318367985947;
KQ7.R2B1:=-0.006125762647508;
KQ7.L2B2:=-0.006411349845577;
KQ7.L2B1:=0.005776678314263;
KQ6.R2B2:=-0.004246028000783;
KQ6.R2B1:=0.004303952421515;
KQ6.L2B2:=0.004054458882444;
KQ6.L2B1:=-0.004086086643411;
KQ5.R2B2:=0.004049310138494;
KQ5.R2B1:=-0.00478440365906;
KQ5.L2B2:=-0.003880822635788;
KQ5.L2B1:=0.00473749169227;
KQ4.R2B2:=-0.00446263917766;
KQ4.R2B1:=0.004953237602544;
KQ4.L2B2:=0.004319759770147;
KQ4.L2B1:=-0.005422836431787;
KQ10.R2B2:=-0.006546871212759;
KQ10.R2B1:=0.00735690652462;
KQ10.L2B2:=0.007381591736429;
KQ10.L2B1:=-0.005506287400233;
ACBYVS5.L2B2:=0.000036194853731*ON_X2;
ACBYVS5.L2B1:=0.;
ACBYVS4.R2B2:=-0.000057708493366*ON_X2;
ACBYVS4.R2B1:=-0.00004130359495*ON_X2;
ACBYVS4.L2B2:=-8.10804265e-7*ON_X2;
ACBYVS4.L2B1:=-0.000091297668738*ON_X2;
ACBYV5.L2B2:=0.;
ACBYV4.R2B2:=0.;
ACBYV4.L2B1:=0.;
ACBYHS5.L2B2:=0.00003683597401*ON_SEP2;
ACBYHS5.L2B1:=-0.000028674399477*ON_SEP2;
ACBYHS4.R2B2:=-0.0000963618595*ON_SEP2;
ACBYHS4.R2B1:=0.000038029813873*ON_SEP2;
ACBYHS4.L2B2:=-0.000036307176877*ON_SEP2;
ACBYHS4.L2B1:=0.000084740118014*ON_SEP2;
ACBYH5.L2B1:=0.;
ACBYH4.R2B1:=0.;
ACBYH4.L2B2:=0.;
ACBXV1.R2:=0.*ON_X2;
ACBXV1.L2:=0.*ON_X2;
ACBXH1.R2:=0.000028441393312499998*ON_SEP2;
ACBXH1.L2:=0.000028754226112500003*ON_SEP2;
ACBCVS5.R2B2:=0.;
ACBCVS5.R2B1:=0.000074890608387*ON_X2;
ACBCV6.R2B2:=-3.803768673e-6*ON_X2;
ACBCV6.L2B1:=-9.740362766e-6*ON_X2;
ACBCV5.R2B1:=0.;
ACBCHS5.R2B2:=0.000044344459358*ON_SEP2;
ACBCHS5.R2B1:=-0.000039849754546*ON_SEP2;
ACBCH6.R2B1:=0.;
ACBCH6.L2B2:=0.;
ACBCH5.R2B2:=0.;
;
! </IR2 squeeze strength data> ;
