;
! <IR2 squeeze strength data> ;
! Created: Mon 15 Jun 2009 16:00:43 ;
! Squeeze parameters: BETA.IP2 3. ;
! Squeeze parameter: KQX.L2 0.0088898 ;
;
! <Non-settings > ;
;
! </Non-settings > ;
ACBCH5.R2B2:=0.;
ACBCH6.L2B2:=0.;
ACBCH6.R2B1:=0.;
ACBCHS5.R2B1:=-0.000034888993225*ON_SEP2;
ACBCHS5.R2B2:=0.000026651930774*ON_SEP2;
ACBCV5.R2B1:=0.;
ACBCV6.L2B1:=-6.54106896e-6*ON_X2;
ACBCV6.R2B2:=-5.887873224e-6*ON_X2;
ACBCVS5.R2B1:=0.000020926137609*ON_X2;
ACBCVS5.R2B2:=0.;
ACBXH1.L2:=0.*ON_SEP2;
ACBXH1.R2:=0.*ON_SEP2;
ACBXV1.L2:=0.*ON_X2;
ACBXV1.R2:=0.*ON_X2;
ACBYH4.L2B2:=0.;
ACBYH4.R2B1:=0.;
ACBYH5.L2B1:=0.;
ACBYHS4.L2B1:=0.00004281928927*ON_SEP2;
ACBYHS4.L2B2:=-0.000029252474335*ON_SEP2;
ACBYHS4.R2B1:=0.000037942664549*ON_SEP2;
ACBYHS4.R2B2:=-0.000051203875721*ON_SEP2;
ACBYHS5.L2B1:=-0.000020307417129*ON_SEP2;
ACBYHS5.L2B2:=0.000024351873226*ON_SEP2;
ACBYV4.L2B1:=0.;
ACBYV4.R2B2:=0.;
ACBYV5.L2B2:=0.;
ACBYVS4.L2B1:=-5.190256411e-6*ON_X2;
ACBYVS4.L2B2:=-0.00001144890328*ON_X2;
ACBYVS4.R2B1:=-0.000018252169213*ON_X2;
ACBYVS4.R2B2:=-5.075070531e-6*ON_X2;
ACBYVS5.L2B1:=0.;
ACBYVS5.L2B2:=0.000015468725248*ON_X2;
BETA.IP2:=3.;
KQ10.L2B1:=-0.006475086062788;
KQ10.L2B2:=0.007486370002008;
KQ10.R2B1:=0.007459967897801;
KQ10.R2B2:=-0.006454406254517;
KQ4.L2B1:=-0.002892483199698;
KQ4.L2B2:=0.002218190512697;
KQ4.R2B1:=0.002378985402799;
KQ4.R2B2:=-0.002984588531864;
KQ5.L2B1:=0.002860100717443;
KQ5.L2B2:=-0.00199387686346;
KQ5.R2B1:=-0.002140853128551;
KQ5.R2B2:=0.002979675253252;
KQ6.L2B1:=-0.004987840364998;
KQ6.L2B2:=0.004943879966579;
KQ6.R2B1:=0.004991181696541;
KQ6.R2B2:=-0.005003180748184;
KQ7.L2B1:=0.00740870018838;
KQ7.L2B2:=-0.007206878449505;
KQ7.R2B1:=-0.007216439028941;
KQ7.R2B2:=0.007442717194779;
KQ8.L2B1:=-0.005672288195552;
KQ8.L2B2:=0.008242762798375;
KQ8.R2B1:=0.007926581247584;
KQ8.R2B2:=-0.005401830459308;
KQ9.L2B1:=0.006958165573619;
KQ9.L2B2:=-0.007485980393681;
KQ9.R2B1:=-0.007083634732267;
KQ9.R2B2:=0.006898537624043;
KQT12.L2B1:=-0.003892969847355;
KQT12.L2B2:=-0.000715633082938;
KQT12.R2B1:=-0.001546432330741;
KQT12.R2B2:=-0.003491364711981;
KQT13.L2B1:=0.001435641112868;
KQT13.L2B2:=-0.003137863416119;
KQT13.R2B1:=-0.003230222242989;
KQT13.R2B2:=0.001547808924137;
KQTL11.L2B1:=0.000125635992125;
KQTL11.L2B2:=-0.002428009426851;
KQTL11.R2B1:=-0.001401739389191;
KQTL11.R2B2:=0.000178577766773;
KQX.L2:=0.008889797681;
;
! </IR2 squeeze strength data> ;
