;
! <IR2 squeeze strength data> ;
! Created: Mon 15 Jun 2009 16:00:43 ;
! Squeeze parameters: BETA.IP2 2.5 ;
! Squeeze parameter: KQX.L2 0.0088898 ;
;
! <Non-settings > ;
;
! </Non-settings > ;
ACBCH5.R2B2:=0.;
ACBCH6.L2B2:=0.;
ACBCH6.R2B1:=0.;
ACBCHS5.R2B1:=-0.000034752196776*ON_SEP2;
ACBCHS5.R2B2:=0.000026784136132*ON_SEP2;
ACBCV5.R2B1:=0.;
ACBCV6.L2B1:=-7.431219179e-6*ON_X2;
ACBCV6.R2B2:=-6.663908953e-6*ON_X2;
ACBCVS5.R2B1:=0.000022992424659*ON_X2;
ACBCVS5.R2B2:=0.;
ACBXH1.L2:=0.*ON_SEP2;
ACBXH1.R2:=0.*ON_SEP2;
ACBXV1.L2:=0.*ON_X2;
ACBXV1.R2:=0.*ON_X2;
ACBYH4.L2B2:=0.;
ACBYH4.R2B1:=0.;
ACBYH5.L2B1:=0.;
ACBYHS4.L2B1:=0.00004228117251*ON_SEP2;
ACBYHS4.L2B2:=-0.000029562610159*ON_SEP2;
ACBYHS4.R2B1:=0.000038465643546*ON_SEP2;
ACBYHS4.R2B2:=-0.00005059683381*ON_SEP2;
ACBYHS5.L2B1:=-0.000020157525331*ON_SEP2;
ACBYHS5.L2B2:=0.000024407866304*ON_SEP2;
ACBYV4.L2B1:=0.;
ACBYV4.R2B2:=0.;
ACBYV5.L2B2:=0.;
ACBYVS4.L2B1:=-5.306665762e-6*ON_X2;
ACBYVS4.L2B2:=-0.000012360300424*ON_X2;
ACBYVS4.R2B1:=-0.000019678599089*ON_X2;
ACBYVS4.R2B2:=-5.043093328e-6*ON_X2;
ACBYVS5.L2B1:=0.;
ACBYVS5.L2B2:=0.00001687509199*ON_X2;
BETA.IP2:=2.5;
KQ10.L2B1:=-0.00645537299836;
KQ10.L2B2:=0.007489841969028;
KQ10.R2B1:=0.00746442173141;
KQ10.R2B2:=-0.006424938229297;
KQ4.L2B1:=-0.002739021667355;
KQ4.L2B2:=0.002157325786613;
KQ4.R2B1:=0.002269654509508;
KQ4.R2B2:=-0.002802803255642;
KQ5.L2B1:=0.002556093232947;
KQ5.L2B2:=-0.00183896210909;
KQ5.R2B1:=-0.001922761148152;
KQ5.R2B2:=0.002631151611243;
KQ6.L2B1:=-0.005129407609186;
KQ6.L2B2:=0.005362146644193;
KQ6.R2B1:=0.005311639198504;
KQ6.R2B2:=-0.005119570870158;
KQ7.L2B1:=0.007418371743525;
KQ7.L2B2:=-0.007368625875241;
KQ7.R2B1:=-0.007338979291439;
KQ7.R2B2:=0.00740735076153;
KQ8.L2B1:=-0.005743640202552;
KQ8.L2B2:=0.008432065507156;
KQ8.R2B1:=0.008105061337322;
KQ8.R2B2:=-0.005486306883621;
KQ9.L2B1:=0.00692292185164;
KQ9.L2B2:=-0.007459209349772;
KQ9.R2B1:=-0.007062443503831;
KQ9.R2B2:=0.006843117444515;
KQT12.L2B1:=-0.003989208362581;
KQT12.L2B2:=-0.000589618660099;
KQT12.R2B1:=-0.001389871879444;
KQT12.R2B2:=-0.003589168867033;
KQT13.L2B1:=0.00083882533282;
KQT13.L2B2:=-0.003111230715609;
KQT13.R2B1:=-0.003197813428047;
KQT13.R2B2:=0.000755050408004;
KQTL11.L2B1:=0.000064759266475;
KQTL11.L2B2:=-0.002365527651243;
KQTL11.R2B1:=-0.001370315304673;
KQTL11.R2B2:=0.000118547405469;
KQX.L2:=0.008889797681;
;
! </IR2 squeeze strength data> ;
