 beta.ip2       :=     2.000000000000000 ;

! saved on 14/06/08 12:27:15 by T.Risselada

 kqt13.l2b1     :=     0.000032832006671 ;  // 04/06/08 11:22
 kqt12.l2b1     :=    -0.004125378855652 ;
 kqtl11.l2b1    :=     0.000036016550022 ;
 kq10.l2b1      :=    -0.006525562713355 ;
 kq9.l2b1       :=     0.006894652492969 ;
 kq8.l2b1       :=    -0.005929767062580 ;
 kq7.l2b1       :=     0.007449960050238 ;
 kq6.l2b1       :=    -0.005393526138492 ;
 kq5.l2b1       :=     0.002194229421639 ;
 kq4.l2b1       :=    -0.002548782045581 ;
 kqx.l2         :=     0.008889797681000 ;
 kq4.r2b1       :=     0.002117921968024 ;
 kq5.r2b1       :=    -0.001515777146259 ;
 kq6.r2b1       :=     0.005755601176632 ;
 kq7.r2b1       :=    -0.007394052161401 ;
 kq8.r2b1       :=     0.008238835620172 ;
 kq9.r2b1       :=    -0.007062548789739 ;
 kq10.r2b1      :=     0.007472301007292 ;
 kqtl11.r2b1    :=    -0.001405079935502 ;
 kqt12.r2b1     :=    -0.001273148128008 ;
 kqt13.r2b1     :=    -0.003171057874347 ;

 kqt13.l2b2     :=    -0.003110289926575 ;  // 27/05/08 16:50
 kqt12.l2b2     :=    -0.000590443102745 ;
 kqtl11.l2b2    :=    -0.002384665204397 ;
 kq10.l2b2      :=     0.007493770869172 ;
 kq9.l2b2       :=    -0.007462335183841 ;
 kq8.l2b2       :=     0.008479823830543 ;
 kq7.l2b2       :=    -0.007405505558115 ;
 kq6.l2b2       :=     0.005848881827789 ;
 kq5.l2b2       :=    -0.001395177241159 ;
 kq4.l2b2       :=     0.002037683418643 ;
 kqx.l2         :=     0.008889797681000 ;
 kq4.r2b2       :=    -0.002614927444644 ;
 kq5.r2b2       :=     0.002272601840647 ;
 kq6.r2b2       :=    -0.005388851101219 ;
 kq7.r2b2       :=     0.007432285297253 ;
 kq8.r2b2       :=    -0.005665571229094 ;
 kq9.r2b2       :=     0.006818256103224 ;
 kq10.r2b2      :=    -0.006555422313939 ;
 kqtl11.r2b2    :=     0.000123136281783 ;
 kqt12.r2b2     :=    -0.003709501969727 ;
 kqt13.r2b2     :=    -0.000121378800445 ;

 acbxh1.l2      :=     0.000000000000000*on_sep2 ;  // 14/06/08 12:26
 acbxh1.r2      :=     0.000000000000000*on_sep2 ;
 acbyhs5.l2b1   :=    -0.000019987865907*on_sep2 ;
 acbyhs4.l2b1   :=     0.000041606444574*on_sep2 ;
 acbyhs4.r2b1   :=     0.000039186233619*on_sep2 ;
 acbchs5.r2b1   :=    -0.000034563840598*on_sep2 ;
 acbyhs5.l2b2   :=     0.000024623307538*on_sep2 ;
 acbyhs4.l2b2   :=    -0.000030149099431*on_sep2 ;
 acbyhs4.r2b2   :=    -0.000049965034226*on_sep2 ;
 acbchs5.r2b2   :=     0.000026921893942*on_sep2 ;
 acbxv1.l2      :=     0.000000000000000*on_x2   ;
 acbxv1.r2      :=    -0.000000000000000*on_x2   ;
 acbcv6.l2b1    :=    -0.000026172341473*on_x2   ;
 acbyvs4.l2b1   :=    -0.000016289095782*on_x2   ;
 acbyvs4.r2b1   :=    -0.000064527295208*on_x2   ;
 acbcvs5.r2b1   :=     0.000077441958157*on_x2   ;
 acbyvs5.l2b2   :=     0.000055849433196*on_x2   ;
 acbyvs4.l2b2   :=    -0.000040314834193*on_x2   ;
 acbyvs4.r2b2   :=    -0.000015254359911*on_x2   ;
 acbcv6.r2b2    :=    -0.000023149145909*on_x2   ;
 acbyvs5.l2b1   :=     0.000000000000000 ;
 acbyh5.l2b1    :=     0.000000000000000 ;
 acbyv4.l2b1    :=     0.000000000000000 ;
 acbyh4.r2b1    :=     0.000000000000000 ;
 acbcv5.r2b1    :=     0.000000000000000 ;
 acbch6.r2b1    :=     0.000000000000000 ;
 acbch6.l2b2    :=     0.000000000000000 ;
 acbyv5.l2b2    :=     0.000000000000000 ;
 acbyh4.l2b2    :=     0.000000000000000 ;
 acbyv4.r2b2    :=     0.000000000000000 ;
 acbch5.r2b2    :=     0.000000000000000 ;
 acbcvs5.r2b2   :=     0.000000000000000 ;

return;
