 beta.ip2       :=    10.000000000000000 ;

 kqt13.l2b1     :=    -0.003601488709384 ;  // 24/06/08 14:28
 kqt12.l2b1     :=    -0.001312145987024 ;
 kqtl11.l2b1    :=    -0.000060098336856 ;
 kq10.l2b1      :=    -0.005506287400233 ;
 kq9.l2b1       :=     0.005898914186882 ;
 kq8.l2b1       :=    -0.003968113307116 ;
 kq7.l2b1       :=     0.005776678314263 ;
 kq6.l2b1       :=    -0.004086086643411 ;
 kq5.l2b1       :=     0.004737491692270 ;
 kq4.l2b1       :=    -0.005422836431787 ;
 kqx.l2         :=     0.009432313546500 ;
 kq4.r2b1       :=     0.004953237602544 ;
 kq5.r2b1       :=    -0.004784403659060 ;
 kq6.r2b1       :=     0.004303952421515 ;
 kq7.r2b1       :=    -0.006125762647508 ;
 kq8.r2b1       :=     0.005712627260285 ;
 kq9.r2b1       :=    -0.005753409227727 ;
 kq10.r2b1      :=     0.007356906524620 ;
 kqtl11.r2b1    :=    -0.001405408941533 ;
 kqt12.r2b1     :=    -0.002884991483136 ;
 kqt13.r2b1     :=    -0.002982683021928 ;
 kqt13.l2b2     :=     0.000285766824504 ;  // 24/06/08 17:35
 kqt12.l2b2     :=    -0.004614084583227 ;
 kqtl11.l2b2    :=    -0.000036113533152 ;
 kq10.l2b2      :=     0.007381591736429 ;
 kq9.l2b2       :=    -0.007130582995245 ;
 kq8.l2b2       :=     0.006360499139418 ;
 kq7.l2b2       :=    -0.006411349845577 ;
 kq6.l2b2       :=     0.004054458882444 ;
 kq5.l2b2       :=    -0.003880822635788 ;
 kq4.l2b2       :=     0.004319759770147 ;
 kqx.l2         :=     0.009432313546500 ;
 kq4.r2b2       :=    -0.004462639177660 ;
 kq5.r2b2       :=     0.004049310138494 ;
 kq6.r2b2       :=    -0.004246028000783 ;
 kq7.r2b2       :=     0.006318367985947 ;
 kq8.r2b2       :=    -0.004635009220381 ;
 kq9.r2b2       :=     0.006980982205779 ;
 kq10.r2b2      :=    -0.006546871212759 ;
 kqtl11.r2b2    :=     0.000356783177721 ;
 kqt12.r2b2     :=    -0.000421239458186 ;
 kqt13.r2b2     :=     0.002442453210378 ;
