beta.ip2             :=  7.000000000000000 ;

! saved on 30/06/08 10:23:34 by T.Risselada

kqt13.l2b1           :=  0.002471001600798 ;  // 30/06/08 10:14
kqt12.l2b1           := -0.003722092763708 ;
kqtl11.l2b1          :=  0.000536044271278 ;
kq10.l2b1            := -0.006775662710583 ;
kq9.l2b1             :=  0.007001881532655 ;
kq8.l2b1             := -0.005755501365843 ;
kq7.l2b1             :=  0.007383935379414 ;
kq6.l2b1             := -0.004557430955067 ;
kq5.l2b1             :=  0.004052683080825 ;
kq4.l2b1             := -0.003305657751863 ;
kq4.r2b1             :=  0.002776888369717 ;
kq5.r2b1             := -0.002888393480176 ;
kq6.r2b1             :=  0.004095004750366 ;
kq7.r2b1             := -0.006606634543605 ;
kq8.r2b1             :=  0.007146110733639 ;
kq9.r2b1             := -0.007203087851747 ;
kq10.r2b1            :=  0.007458431391419 ;
kqtl11.r2b1          := -0.001660719848966 ;
kqt12.r2b1           := -0.002181354865120 ;
kqt13.r2b1           := -0.003353474600663 ;

kqt13.l2b2           := -0.003244327667142 ;  // 30/06/08 10:10
kqt12.l2b2           := -0.001583812660617 ;
kqtl11.l2b2          := -0.002811573561077 ;
kq10.l2b2            :=  0.007482370742017 ;
kq9.l2b2             := -0.007623552010851 ;
kq8.l2b2             :=  0.007253007409690 ;
kq7.l2b2             := -0.006589875590125 ;
kq6.l2b2             :=  0.004018616144773 ;
kq5.l2b2             := -0.002790935407746 ;
kq4.l2b2             :=  0.002735775941111 ;
kqx.l2               :=  0.008889797681000 ;
kq4.r2b2             := -0.003389637454778 ;
kq5.r2b2             :=  0.004151005607406 ;
kq6.r2b2             := -0.004614308179817 ;
kq7.r2b2             :=  0.007431796592776 ;
kq8.r2b2             := -0.005520199625068 ;
kq9.r2b2             :=  0.006974447534566 ;
kq10.r2b2            := -0.006729467874145 ;
kqtl11.r2b2          :=  0.000578517084842 ;
kqt12.r2b2           := -0.003322393142457 ;
kqt13.r2b2           :=  0.002821374171157 ;
