;
! <IR2 squeeze strength data> ;
! Created: Mon 15 Jun 2009 16:00:42 ;
! Squeeze parameters: BETA.IP2 7. ;
! Squeeze parameter: KQX.L2 0.0088898 ;
;
! <Non-settings > ;
;
! </Non-settings > ;
ACBCH5.R2B2:=0.;
ACBCH6.L2B2:=0.;
ACBCH6.R2B1:=0.;
ACBCHS5.R2B1:=-0.0000353696271825*ON_SEP2;
ACBCHS5.R2B2:=0.000026363588151*ON_SEP2;
ACBCV5.R2B1:=0.;
ACBCV6.L2B1:=-3.7826917640000004e-6*ON_X2;
ACBCV6.R2B2:=-3.4918805155000003e-6*ON_X2;
ACBCVS5.R2B1:=0.000013664331125*ON_X2;
ACBCVS5.R2B2:=0.;
ACBXH1.L2:=0.*ON_SEP2;
ACBXH1.R2:=0.*ON_SEP2;
ACBXV1.L2:=0.*ON_X2;
ACBXV1.R2:=0.*ON_X2;
ACBYH4.L2B2:=0.;
ACBYH4.R2B1:=0.;
ACBYH5.L2B1:=0.;
ACBYHS4.L2B1:=0.000044124688125*ON_SEP2;
ACBYHS4.L2B2:=-0.00002663024878*ON_SEP2;
ACBYHS4.R2B1:=0.000036107417288*ON_SEP2;
ACBYHS4.R2B2:=-0.000052530278738*ON_SEP2;
ACBYHS5.L2B1:=-0.000021039627428999997*ON_SEP2;
ACBYHS5.L2B2:=0.00002427157815*ON_SEP2;
ACBYV4.L2B1:=0.;
ACBYV4.R2B2:=0.;
ACBYV5.L2B2:=0.;
ACBYVS4.L2B1:=-3.7665501435e-6*ON_X2;
ACBYVS4.L2B2:=-8.458323226500001e-6*ON_X2;
ACBYVS4.R2B1:=-0.0000126899412605*ON_X2;
ACBYVS4.R2B2:=-3.8069424335e-6*ON_X2;
ACBYVS5.L2B1:=0.;
ACBYVS5.L2B2:=0.0000103552350295*ON_X2;
BETA.IP2:=7.;
KQ10.L2B1:=-0.006775662710583;
KQ10.L2B2:=0.007482370742017;
KQ10.R2B1:=0.007458431391419;
KQ10.R2B2:=-0.006729467874145;
KQ4.L2B1:=-0.003305657751863;
KQ4.L2B2:=0.002735775941111;
KQ4.R2B1:=0.002776888369717;
KQ4.R2B2:=-0.003389637454778;
KQ5.L2B1:=0.004052683080825;
KQ5.L2B2:=-0.002790935407746;
KQ5.R2B1:=-0.002888393480176;
KQ5.R2B2:=0.004151005607406;
KQ6.L2B1:=-0.004557430955067;
KQ6.L2B2:=0.004018616144773;
KQ6.R2B1:=0.004095004750366;
KQ6.R2B2:=-0.004614308179817;
KQ7.L2B1:=0.007383935379414;
KQ7.L2B2:=-0.006589875590125;
KQ7.R2B1:=-0.006606634543605;
KQ7.R2B2:=0.007431796592776;
KQ8.L2B1:=-0.005755501365843;
KQ8.L2B2:=0.00725300740969;
KQ8.R2B1:=0.007146110733639;
KQ8.R2B2:=-0.005520199625068;
KQ9.L2B1:=0.007001881532655;
KQ9.L2B2:=-0.007623552010851;
KQ9.R2B1:=-0.007203087851747;
KQ9.R2B2:=0.006974447534566;
KQT12.L2B1:=-0.003722092763708;
KQT12.L2B2:=-0.001583812660617;
KQT12.R2B1:=-0.00218135486512;
KQT12.R2B2:=-0.003322393142457;
KQT13.L2B1:=0.002471001600798;
KQT13.L2B2:=-0.003244327667142;
KQT13.R2B1:=-0.003353474600663;
KQT13.R2B2:=0.002821374171157;
KQTL11.L2B1:=0.000536044271278;
KQTL11.L2B2:=-0.002811573561077;
KQTL11.R2B1:=-0.001660719848966;
KQTL11.R2B2:=0.000578517084842;
KQX.L2:=0.008889797681;
;
! </IR2 squeeze strength data> ;
