;
! <IR2 squeeze strength data> ;
! Created: Mon 15 Jun 2009 16:00:43 ;
! Squeeze parameters: BETA.IP2 4. ;
! Squeeze parameter: KQX.L2 0.0088898 ;
;
! <Non-settings > ;
;
! </Non-settings > ;
ACBCH5.R2B2:=0.;
ACBCH6.L2B2:=0.;
ACBCH6.R2B1:=0.;
ACBCHS5.R2B1:=-0.000035092064295*ON_SEP2;
ACBCHS5.R2B2:=0.000026493673731*ON_SEP2;
ACBCV5.R2B1:=0.;
ACBCV6.L2B1:=-5.386820653e-6*ON_X2;
ACBCV6.R2B2:=-4.886863924e-6*ON_X2;
ACBCVS5.R2B1:=0.000018042744382*ON_X2;
ACBCVS5.R2B2:=0.;
ACBXH1.L2:=0.*ON_SEP2;
ACBXH1.R2:=0.*ON_SEP2;
ACBXV1.L2:=0.*ON_X2;
ACBXV1.R2:=0.*ON_X2;
ACBYH4.L2B2:=0.;
ACBYH4.R2B1:=0.;
ACBYH5.L2B1:=0.;
ACBYHS4.L2B1:=0.000043527785278*ON_SEP2;
ACBYHS4.L2B2:=-0.000028259703069*ON_SEP2;
ACBYHS4.R2B1:=0.000037166835901*ON_SEP2;
ACBYHS4.R2B2:=-0.000051931453392*ON_SEP2;
ACBYHS5.L2B1:=-0.000020544133636*ON_SEP2;
ACBYHS5.L2B2:=0.000024359103837*ON_SEP2;
ACBYV4.L2B1:=0.;
ACBYV4.R2B2:=0.;
ACBYV5.L2B2:=0.;
ACBYVS4.L2B1:=-4.887953102e-6*ON_X2;
ACBYVS4.L2B2:=-0.000010376823756*ON_X2;
ACBYVS4.R2B1:=-0.000016172365194*ON_X2;
ACBYVS4.R2B2:=-4.875906702e-6*ON_X2;
ACBYVS5.L2B1:=0.;
ACBYVS5.L2B2:=0.000013442292649*ON_X2;
BETA.IP2:=4.;
KQ10.L2B1:=-0.006545122776155;
KQ10.L2B2:=0.007482390538936;
KQ10.R2B1:=0.007456548867851;
KQ10.R2B2:=-0.006552369439243;
KQ4.L2B1:=-0.003097924833965;
KQ4.L2B2:=0.002404911393897;
KQ4.R2B1:=0.002539962112513;
KQ4.R2B2:=-0.003204128422857;
KQ5.L2B1:=0.003304612684356;
KQ5.L2B2:=-0.002226458719315;
KQ5.R2B1:=-0.002423485858937;
KQ5.R2B2:=0.00344500408696;
KQ6.L2B1:=-0.004820582495133;
KQ6.L2B2:=0.004487988020922;
KQ6.R2B1:=0.004603578925505;
KQ6.R2B2:=-0.004872371451379;
KQ7.L2B1:=0.007383432180275;
KQ7.L2B2:=-0.006942364115372;
KQ7.R2B1:=-0.00700568932941;
KQ7.R2B2:=0.007449035601098;
KQ8.L2B1:=-0.005634922761978;
KQ8.L2B2:=0.007841215386099;
KQ8.R2B1:=0.007655046694466;
KQ8.R2B2:=-0.005388711859893;
KQ9.L2B1:=0.006998800926354;
KQ9.L2B2:=-0.00755065721389;
KQ9.R2B1:=-0.00712358853076;
KQ9.R2B2:=0.006968968708784;
KQT12.L2B1:=-0.003786400458848;
KQT12.L2B2:=-0.001080351739999;
KQT12.R2B1:=-0.00179554361154;
KQT12.R2B2:=-0.003380699960059;
KQT13.L2B1:=0.002102069778497;
KQT13.L2B2:=-0.003192339278728;
KQT13.R2B1:=-0.003280512817398;
KQT13.R2B2:=0.002407785912739;
KQTL11.L2B1:=0.000250620073115;
KQTL11.L2B2:=-0.002584665060376;
KQTL11.R2B1:=-0.001472036589509;
KQTL11.R2B2:=0.000315054123553;
KQX.L2:=0.008889797681;
;
! </IR2 squeeze strength data> ;
