;
! <IR2 squeeze strength data> ;
! Created: Wed 16 Sep 2009 00:35:05 ;
! Squeeze parameters: BETA.IP2 10. ;
! Squeeze parameter: KQX.L2 0.0091223 ;
;
! <Non-settings> ;
! StrengthFileName IR2BumpMatching-2009-09-16-00-34-59.str ;
;
! </Non-settings> ;
BETA.IP2:=10.;
KQX.L2:=0.0091223044805;
KQTL11.R2B2:=0.000953603835502;
KQTL11.R2B1:=-0.001813975197794;
KQTL11.L2B2:=-0.001737396617608;
KQTL11.L2B1:=0.000249475774722;
KQT13.R2B2:=0.002652583928176;
KQT13.R2B1:=-0.003218811581398;
KQT13.L2B2:=-0.001743704724448;
KQT13.L2B1:=-0.000159207194809;
KQT12.R2B2:=-0.002074962610403;
KQT12.R2B1:=-0.002628352722333;
KQT12.L2B2:=-0.003038916884945;
KQT12.L2B1:=-0.002691010997999;
KQ9.R2B2:=0.007244613317939;
KQ9.R2B1:=-0.006641485623578;
KQ9.L2B2:=-0.007437138073481;
KQ9.L2B1:=0.006453382148958;
KQ8.R2B2:=-0.006085829259971;
KQ8.R2B1:=0.006252451975805;
KQ8.L2B2:=0.006535811059136;
KQ8.L2B1:=-0.0044888743409;
KQ7.R2B2:=0.006858457526935;
KQ7.R2B1:=-0.006645652421684;
KQ7.L2B2:=-0.006432400572095;
KQ7.L2B1:=0.006833411643042;
KQ6.R2B2:=-0.004036847080016;
KQ6.R2B1:=0.004301252105281;
KQ6.L2B2:=0.00402198887399;
KQ6.L2B1:=-0.00432765310022;
KQ5.R2B2:=0.00345443867687;
KQ5.R2B1:=-0.004180582667181;
KQ5.L2B2:=-0.003443379143445;
KQ5.L2B1:=0.0044879465186;
KQ4.R2B2:=-0.002019981743712;
KQ4.R2B1:=0.003919008655514;
KQ4.L2B2:=0.003436534690766;
KQ4.L2B1:=-0.004359973071083;
KQ10.R2B2:=-0.008149277709489;
KQ10.R2B1:=0.007426378681071;
KQ10.L2B2:=0.007436979184172;
KQ10.L2B1:=-0.005958559539061;
ACBYVS5.L2B2:=0.000059276119191*ON_X2;
ACBYVS5.L2B1:=0.;
ACBYVS4.R2B2:=-0.000015671035043*ON_X2;
ACBYVS4.R2B1:=-0.000067762737724*ON_X2;
ACBYVS4.L2B2:=-0.000040272681146*ON_X2;
ACBYVS4.L2B1:=-0.000052819421315*ON_X2;
ACBYV5.L2B2:=0.;
ACBYV4.R2B2:=0.;
ACBYV4.L2B1:=0.;
ACBYHS5.L2B2:=0.000027892260366*ON_SEP2;
ACBYHS5.L2B1:=-0.000028553852638*ON_SEP2;
ACBYHS4.R2B2:=-0.000071615201172*ON_SEP2;
ACBYHS4.R2B1:=0.000040891561549*ON_SEP2;
ACBYHS4.L2B2:=-0.000031831146145*ON_SEP2;
ACBYHS4.L2B1:=0.000071323460166*ON_SEP2;
ACBYH5.L2B1:=0.;
ACBYH4.R2B1:=0.;
ACBYH4.L2B2:=0.;
ACBXV1.R2:=0.*ON_X2;
ACBXV1.L2:=0.*ON_X2;
ACBXH1.R2:=0.000012189168562499999*ON_SEP2;
ACBXH1.L2:=0.000012323239762500002*ON_SEP2;
ACBCVS5.R2B2:=0.;
ACBCVS5.R2B1:=0.000075314959149*ON_X2;
ACBCV6.R2B2:=-0.000017044900818*ON_X2;
ACBCV6.L2B1:=-0.000017998627724*ON_X2;
ACBCV5.R2B1:=0.;
ACBCHS5.R2B2:=0.000037849783813*ON_SEP2;
ACBCHS5.R2B1:=-0.000042564764302*ON_SEP2;
ACBCH6.R2B1:=0.;
ACBCH6.L2B2:=0.;
ACBCH5.R2B2:=0.;
;
! </IR2 squeeze strength data> ;
