 beta.ip2       :=     8.000000000000000 ;

! saved on 14/06/08 12:39:19 by T.Risselada

 kqt13.l2b1     :=     0.002473145152206 ;  // 04/06/08 13:58
 kqt12.l2b1     :=    -0.003720895962810 ;
 kqtl11.l2b1    :=     0.000622220101923 ;
 kq10.l2b1      :=    -0.006865065160408 ;
 kq9.l2b1       :=     0.007001814732274 ;
 kq8.l2b1       :=    -0.005796293967744 ;
 kq7.l2b1       :=     0.007416373080975 ;
 kq6.l2b1       :=    -0.004504586073172 ;
 kq5.l2b1       :=     0.004211811010148 ;
 kq4.l2b1       :=    -0.003319261945146 ;
 kqx.l2         :=     0.008889797681000 ;
 kq4.r2b1       :=     0.002787201647964 ;
 kq5.r2b1       :=    -0.002953939525845 ;
 kq6.r2b1       :=     0.003996621746957 ;
 kq7.r2b1       :=    -0.006508048960491 ;
 kq8.r2b1       :=     0.007006136057189 ;
 kq9.r2b1       :=    -0.007242071578354 ;
 kq10.r2b1      :=     0.007460058124306 ;
 kqtl11.r2b1    :=    -0.001715549409799 ;
 kqt12.r2b1     :=    -0.002270539093665 ;
 kqt13.r2b1     :=    -0.003369311602089 ;

 kqt13.l2b2     :=    -0.003252707339953 ;  // 27/05/08 19:11
 kqt12.l2b2     :=    -0.001689332923703 ;
 kqtl11.l2b2    :=    -0.002851143550984 ;
 kq10.l2b2      :=     0.007483173383644 ;
 kq9.l2b2       :=    -0.007658635516590 ;
 kq8.l2b2       :=     0.007115211915408 ;
 kq7.l2b2       :=    -0.006499860567012 ;
 kq6.l2b2       :=     0.003925390123823 ;
 kq5.l2b2       :=    -0.002862254118115 ;
 kq4.l2b2       :=     0.002752634811114 ;
 kqx.l2         :=     0.008889797681000 ;
 kq4.r2b2       :=    -0.003415415097876 ;
 kq5.r2b2       :=     0.004306412306805 ;
 kq6.r2b2       :=    -0.004570181824492 ;
 kq7.r2b2       :=     0.007463336671196 ;
 kq8.r2b2       :=    -0.005544009623440 ;
 kq9.r2b2       :=     0.006973928171364 ;
 kq10.r2b2      :=    -0.006800696820750 ;
 kqtl11.r2b2    :=     0.000659459609748 ;
 kqt12.r2b2     :=    -0.003318003839284 ;
 kqt13.r2b2     :=     0.002840859902983 ;

 acbxh1.l2      :=     0.000000000000000*on_sep2 ;  // 14/06/08 12:38
 acbxh1.r2      :=     0.000000000000000*on_sep2 ;
 acbyhs5.l2b1   :=    -0.000021173964672*on_sep2 ;
 acbyhs4.l2b1   :=     0.000044214113926*on_sep2 ;
 acbyhs4.r2b1   :=     0.000035961595511*on_sep2 ;
 acbchs5.r2b1   :=    -0.000035407856460*on_sep2 ;
 acbyhs5.l2b2   :=     0.000024230986529*on_sep2 ;
 acbyhs4.l2b2   :=    -0.000026409341404*on_sep2 ;
 acbyhs4.r2b2   :=    -0.000052626029024*on_sep2 ;
 acbchs5.r2b2   :=     0.000026342800122*on_sep2 ;
 acbxv1.l2      :=     0.000000000000000*on_x2   ;
 acbxv1.r2      :=    -0.000000000000000*on_x2   ;
 acbcv6.l2b1    :=    -0.000010305272151*on_x2   ;
 acbyvs4.l2b1   :=    -0.000010384710324*on_x2   ;
 acbyvs4.r2b1   :=    -0.000035488420111*on_x2   ;
 acbcvs5.r2b1   :=     0.000038016721818*on_x2   ;
 acbyvs5.l2b2   :=     0.000028933422189*on_x2   ;
 acbyvs4.l2b2   :=    -0.000023771804680*on_x2   ;
 acbyvs4.r2b2   :=    -0.000010526044819*on_x2   ;
 acbcv6.r2b2    :=    -0.000009555804238*on_x2   ;
 acbyvs5.l2b1   :=     0.000000000000000 ;
 acbyh5.l2b1    :=     0.000000000000000 ;
 acbyv4.l2b1    :=     0.000000000000000 ;
 acbyh4.r2b1    :=     0.000000000000000 ;
 acbcv5.r2b1    :=     0.000000000000000 ;
 acbch6.r2b1    :=     0.000000000000000 ;
 acbch6.l2b2    :=     0.000000000000000 ;
 acbyv5.l2b2    :=     0.000000000000000 ;
 acbyh4.l2b2    :=     0.000000000000000 ;
 acbyv4.r2b2    :=     0.000000000000000 ;
 acbch5.r2b2    :=     0.000000000000000 ;
 acbcvs5.r2b2   :=     0.000000000000000 ;

return;
