;
! <IR2 squeeze strength data> ;
! Created: Wed 16 Sep 2009 08:30:13 ;
! Squeeze parameters: BETA.IP2 10. ;
! Squeeze parameter: KQX.L2 0.00950982 ;
;
! <Non-settings> ;
! StrengthFileName IR2BumpMatching-2009-09-16-08-29-41.str ;
;
! </Non-settings> ;
BETA.IP2:=10.;
KQX.L2:=0.009509815813;
KQTL11.R2B2:=0.000160511082817;
KQTL11.R2B1:=-0.00105649996664;
KQTL11.L2B2:=0.000583922585384;
KQTL11.L2B1:=-0.000029517662848;
KQT13.R2B2:=0.002389920530929;
KQT13.R2B1:=-0.002923650882061;
KQT13.L2B2:=0.000793134711742;
KQT13.L2B1:=-0.004462059088028;
KQT12.R2B2:=-7.808670132e-6;
KQT12.R2B1:=-0.002949151173337;
KQT12.L2B2:=-0.005007876507798;
KQT12.L2B1:=-0.00096742973428;
KQ9.R2B2:=0.006906952659669;
KQ9.R2B1:=-0.005648307044103;
KQ9.L2B2:=-0.006964711881933;
KQ9.L2B1:=0.005793755766858;
KQ8.R2B2:=-0.004454447172272;
KQ8.R2B1:=0.005709967184729;
KQ8.L2B2:=0.006383909623294;
KQ8.L2B1:=-0.003811231772546;
KQ7.R2B2:=0.006117304291538;
KQ7.R2B1:=-0.005917553018107;
KQ7.L2B2:=-0.006425924820074;
KQ7.L2B1:=0.005654148040944;
KQ6.R2B2:=-0.004221687612427;
KQ6.R2B1:=0.004205415652705;
KQ6.L2B2:=0.004048679570206;
KQ6.L2B1:=-0.004094899482534;
KQ5.R2B2:=0.004229680740821;
KQ5.R2B1:=-0.004744222678546;
KQ5.L2B2:=-0.00401889809483;
KQ5.L2B1:=0.004826784383253;
KQ4.R2B2:=-0.005333416392901;
KQ4.R2B1:=0.004923088314758;
KQ4.L2B2:=0.004540566039992;
KQ4.L2B1:=-0.005492745228706;
KQ10.R2B2:=-0.006098922784182;
KQ10.R2B1:=0.007343788738975;
KQ10.L2B2:=0.0073561869114;
KQ10.L2B1:=-0.005622034928853;
ACBYVS5.L2B2:=0.000040126959022*ON_X2;
ACBYVS5.L2B1:=0.;
ACBYVS4.R2B2:=-0.000065515445125*ON_X2;
ACBYVS4.R2B1:=-0.00002425706623*ON_X2;
ACBYVS4.L2B2:=8.9453232e-8*ON_X2;
ACBYVS4.L2B1:=-0.000093054043123*ON_X2;
ACBYV5.L2B2:=0.;
ACBYV4.R2B2:=0.;
ACBYV4.L2B1:=0.;
ACBYHS5.L2B2:=0.000038648473987*ON_SEP2;
ACBYHS5.L2B1:=-0.000024591104234*ON_SEP2;
ACBYHS4.R2B2:=-0.0000963618595*ON_SEP2;
ACBYHS4.R2B1:=0.00003329978597*ON_SEP2;
ACBYHS4.L2B2:=-0.000037735572649*ON_SEP2;
ACBYHS4.L2B1:=0.000076239375056*ON_SEP2;
ACBYH5.L2B1:=0.;
ACBYH4.R2B1:=0.;
ACBYH4.L2B2:=0.;
ACBXV1.R2:=0.*ON_X2;
ACBXV1.L2:=0.*ON_X2;
ACBXH1.R2:=0.0000325044495*ON_SEP2;
ACBXH1.L2:=0.0000328619727*ON_SEP2;
ACBCVS5.R2B2:=0.;
ACBCVS5.R2B1:=0.000070700218164*ON_X2;
ACBCV6.R2B2:=-3.948580274e-6*ON_X2;
ACBCV6.L2B1:=-5.567438229e-6*ON_X2;
ACBCV5.R2B1:=0.;
ACBCHS5.R2B2:=0.000046917917213*ON_SEP2;
ACBCHS5.R2B1:=-0.000029614321872*ON_SEP2;
ACBCH6.R2B1:=0.;
ACBCH6.L2B2:=0.;
ACBCH5.R2B2:=0.;
;
! </IR2 squeeze strength data> ;
