;
! <IR2 squeeze strength data> ;
! Created: Mon 15 Jun 2009 16:00:41 ;
! Squeeze parameters: BETA.IP2 7.5 ;
! Squeeze parameter: KQX.L2 0.0088898 ;
;
! <Non-settings > ;
;
! </Non-settings > ;
ACBCH5.R2B2:=0.;
ACBCH6.L2B2:=0.;
ACBCH6.R2B1:=0.;
ACBCHS5.R2B1:=-0.00003538873982125*ON_SEP2;
ACBCHS5.R2B2:=0.0000263531939055*ON_SEP2;
ACBCV5.R2B1:=0.;
ACBCV6.L2B1:=-3.6088912405e-6*ON_X2;
ACBCV6.R2B2:=-3.33857429725e-6*ON_X2;
ACBCVS5.R2B1:=0.0000131682858655*ON_X2;
ACBCVS5.R2B2:=0.;
ACBXH1.L2:=0.*ON_SEP2;
ACBXH1.R2:=0.*ON_SEP2;
ACBXV1.L2:=0.*ON_X2;
ACBXV1.R2:=0.*ON_X2;
ACBYH4.L2B2:=0.;
ACBYH4.R2B1:=0.;
ACBYH5.L2B1:=0.;
ACBYHS4.L2B1:=0.000044169401828999996*ON_SEP2;
ACBYHS4.L2B2:=-0.0000265197944285*ON_SEP2;
ACBYHS4.R2B1:=0.0000360345053025*ON_SEP2;
ACBYHS4.R2B2:=-0.0000525781535225*ON_SEP2;
ACBYHS5.L2B1:=-0.000021106796574*ON_SEP2;
ACBYHS5.L2B2:=0.0000242512807085*ON_SEP2;
ACBYV4.L2B1:=0.;
ACBYV4.R2B2:=0.;
ACBYV5.L2B2:=0.;
ACBYVS4.L2B1:=-3.61406012575e-6*ON_X2;
ACBYVS4.L2B2:=-8.19112905975e-6*ON_X2;
ACBYVS4.R2B1:=-0.000012259707315250001*ON_X2;
ACBYVS4.R2B2:=-3.65781201975e-6*ON_X2;
ACBYVS5.L2B1:=0.;
ACBYVS5.L2B2:=9.999854546249999e-6*ON_X2;
BETA.IP2:=7.5;
KQ10.L2B1:=-0.00681821815656;
KQ10.L2B2:=0.007482738215815;
KQ10.R2B1:=0.007459270538464;
KQ10.R2B2:=-0.00676243564915;
KQ4.L2B1:=-0.003317546755108;
KQ4.L2B2:=0.002747162499695;
KQ4.R2B1:=0.002784530979284;
KQ4.R2B2:=-0.003408542512655;
KQ5.L2B1:=0.004137578063971;
KQ5.L2B2:=-0.002830740430493;
KQ5.R2B1:=-0.002924062208959;
KQ5.R2B2:=0.004234286244003;
KQ6.L2B1:=-0.004530648100844;
KQ6.L2B2:=0.003969106796247;
KQ6.R2B1:=0.004042531809991;
KQ6.R2B2:=-0.004592044535189;
KQ7.L2B1:=0.007399301882352;
KQ7.L2B2:=-0.006543308919278;
KQ7.R2B1:=-0.006555276850548;
KQ7.R2B2:=0.007446827816609;
KQ8.L2B1:=-0.005773627310303;
KQ8.L2B2:=0.007183808921836;
KQ8.R2B1:=0.007076474961017;
KQ8.R2B2:=-0.005528061123904;
KQ9.L2B1:=0.007000766189243;
KQ9.L2B2:=-0.007639671729207;
KQ9.R2B1:=-0.007221768713043;
KQ9.R2B2:=0.006972935538153;
KQT12.L2B1:=-0.003721494363259;
KQT12.L2B2:=-0.00163657279216;
KQT12.R2B1:=-0.002225946979393;
KQT12.R2B2:=-0.003320198490871;
KQT13.L2B1:=0.002472073376502;
KQT13.L2B2:=-0.003248517503548;
KQT13.R2B1:=-0.003361393101376;
KQT13.R2B2:=0.00283111703707;
KQTL11.L2B1:=0.000579132186601;
KQTL11.L2B2:=-0.00283135855603;
KQTL11.R2B1:=-0.001688134629382;
KQTL11.R2B2:=0.000618988347295;
KQX.L2:=0.008889797681;
;
! </IR2 squeeze strength data> ;
