;
! <IR2 squeeze strength data> ;
! Created: Mon 15 Jun 2009 16:00:45 ;
! Squeeze parameters: BETA.IP2 0.7 ;
! Squeeze parameter: KQX.L2 0.0088898 ;
;
! <Non-settings > ;
;
! </Non-settings > ;
ACBCH5.R2B2:=0.;
ACBCH6.L2B2:=0.;
ACBCH6.R2B1:=0.;
ACBCHS5.R2B1:=-0.000034624896302*ON_SEP2;
ACBCHS5.R2B2:=0.000027299450908*ON_SEP2;
ACBCV5.R2B1:=0.;
ACBCV6.L2B1:=-0.000016720384718*ON_X2;
ACBCV6.R2B2:=-0.000013950223929*ON_X2;
ACBCVS5.R2B1:=0.000043574283811*ON_X2;
ACBCVS5.R2B2:=0.;
ACBXH1.L2:=0.*ON_SEP2;
ACBXH1.R2:=0.*ON_SEP2;
ACBXV1.L2:=0.*ON_X2;
ACBXV1.R2:=0.*ON_X2;
ACBYH4.L2B2:=0.;
ACBYH4.R2B1:=0.;
ACBYH5.L2B1:=0.;
ACBYHS4.L2B1:=0.000039740431991*ON_SEP2;
ACBYHS4.L2B2:=-0.000030028693059*ON_SEP2;
ACBYHS4.R2B1:=0.000038952582704*ON_SEP2;
ACBYHS4.R2B2:=-0.000048237185536*ON_SEP2;
ACBYHS5.L2B1:=-0.000019736977528*ON_SEP2;
ACBYHS5.L2B2:=0.000024602317026*ON_SEP2;
ACBYV4.L2B1:=0.;
ACBYV4.R2B2:=0.;
ACBYV5.L2B2:=0.;
ACBYVS4.L2B1:=-6.404813161e-6*ON_X2;
ACBYVS4.L2B2:=-0.000022850277107*ON_X2;
ACBYVS4.R2B1:=-0.000036628098447*ON_X2;
ACBYVS4.R2B2:=-5.485306698e-6*ON_X2;
ACBYVS5.L2B1:=0.;
ACBYVS5.L2B2:=0.000031515011422*ON_X2;
BETA.IP2:=0.7;
KQ10.L2B1:=-0.006028090196941;
KQ10.L2B2:=0.007465608480069;
KQ10.R2B1:=0.007433128539785;
KQ10.R2B2:=-0.006066653537791;
KQ4.L2B1:=-0.002040962834148;
KQ4.L2B2:=0.002061462829522;
KQ4.R2B1:=0.002167260094131;
KQ4.R2B2:=-0.002107917779142;
KQ5.L2B1:=0.001470736482968;
KQ5.L2B2:=-0.001453563938212;
KQ5.R2B1:=-0.001604424511539;
KQ5.R2B2:=0.001573530223537;
KQ6.L2B1:=-0.006532179266855;
KQ6.L2B2:=0.006666853314547;
KQ6.R2B1:=0.006510136081209;
KQ6.R2B2:=-0.00642727824208;
KQ7.L2B1:=0.008235152393196;
KQ7.L2B2:=-0.008238989390496;
KQ7.R2B1:=-0.00821669111224;
KQ7.R2B2:=0.008221840426782;
KQ8.L2B1:=-0.00587046403576;
KQ8.L2B2:=0.007584199011042;
KQ8.R2B1:=0.007187962741807;
KQ8.R2B2:=-0.005643503500709;
KQ9.L2B1:=0.006644221264174;
KQ9.L2B2:=-0.006977416287557;
KQ9.R2B1:=-0.006546626998417;
KQ9.R2B2:=0.006552320340853;
KQT12.L2B1:=-0.004421133169461;
KQT12.L2B2:=-0.000506123146039;
KQT12.R2B1:=-0.001216671635821;
KQT12.R2B2:=-0.003956476964532;
KQT13.L2B1:=-0.001587464091336;
KQT13.L2B2:=-0.002986462020356;
KQT13.R2B1:=-0.003118110262258;
KQT13.R2B2:=-0.001789582087195;
KQTL11.L2B1:=-0.000505998551459;
KQTL11.L2B2:=-0.002617051637494;
KQTL11.R2B1:=-0.00165278884994;
KQTL11.R2B2:=-0.000394007381315;
KQX.L2:=0.008889797681;
;
! </IR2 squeeze strength data> ;
