;
! <IR2 squeeze strength data> ;
! Created: Tue 15 Sep 2009 18:08:11 ;
! Squeeze parameters: BETA.IP2 1.95 ;
! Squeeze parameter: KQX.L2 0.0088898 ;
;
! <Non-settings> ;
;
! </Non-settings> ;
BETA.IP2:=1.9499999999999993;
KQX.L2:=0.008889797681;
KQTL11.R2B2:=0.00011274893394229985;
KQTL11.R2B1:=-0.0014070153682355;
KQTL11.L2B2:=-0.0023929965091472;
KQTL11.L2B1:=0.000024603718693899845;
KQT13.R2B2:=-0.000192503117307101;
KQT13.R2B1:=-0.0031679701929597;
KQT13.L2B2:=-0.0031028928555287;
KQT13.L2B1:=-0.00004491888890290109;
KQT12.R2B2:=-0.0037199644499754003;
KQT12.R2B1:=-0.0012504232899609997;
KQT12.L2B2:=-0.0005752531220133998;
KQT12.L2B1:=-0.004139585925221;
KQ9.R2B2:=0.0068105567738307995;
KQ9.R2B1:=-0.0070447010564852;
KQ9.L2B2:=-0.0074437187314615;
KQ9.L2B1:=0.0068872340852537;
KQ8.R2B2:=-0.005676352764455;
KQ8.R2B1:=0.0082395372904583;
KQ8.L2B2:=0.0084673421002809;
KQ8.L2B1:=-0.0059429966014491005;
KQ7.R2B2:=0.007446945726706101;
KQ7.R2B1:=-0.007417545133583001;
KQ7.L2B2:=-0.0074242630492407004;
KQ7.L2B1:=0.0074597186485569;
KQ6.R2B2:=-0.005418577308561501;
KQ6.R2B1:=0.0057989639220575005;
KQ6.L2B2:=0.005882702093343;
KQ6.L2B1:=-0.0054273078427475;
KQ5.R2B2:=0.0022432763226623996;
KQ5.R2B1:=-0.0015151386193321;
KQ5.L2B2:=-0.0013966364743291;
KQ5.L2B1:=0.0021562039909173995;
KQ4.R2B2:=-0.0025934812979041995;
KQ4.R2B1:=0.0021144042815458997;
KQ4.L2B2:=0.0020377770373401;
KQ4.L2B1:=-0.0025234462611040996;
KQ10.R2B2:=-0.006544630103276;
KQ10.R2B1:=0.007471801330089;
KQ10.L2B2:=0.007493144912246;
KQ10.L2B1:=-0.006510446382179999;
ACBYVS5.L2B2:=0.000018905606628400002*ON_X2;
ACBYVS5.L2B1:=0.;
ACBYVS4.R2B2:=-5.069777235999999e-6*ON_X2;
ACBYVS4.R2B1:=-0.000021828620345700005*ON_X2;
ACBYVS4.L2B2:=-0.000013646335754900002*ON_X2;
ACBYVS4.L2B1:=-5.4197016666e-6*ON_X2;
ACBYV5.L2B2:=0.;
ACBYV4.R2B2:=0.;
ACBYV4.L2B1:=0.;
ACBYHS5.L2B2:=0.000024622300151599998*ON_SEP2;
ACBYHS5.L2B1:=-0.0000199736775153*ON_SEP2;
ACBYHS4.R2B2:=-0.000049892356488*ON_SEP2;
ACBYHS4.R2B1:=0.0000392028493357*ON_SEP2;
ACBYHS4.L2B2:=-0.0000301487970202*ON_SEP2;
ACBYHS4.L2B1:=0.0000415141534936*ON_SEP2;
ACBYH5.L2B1:=0.;
ACBYH4.R2B1:=0.;
ACBYH4.L2B2:=0.;
ACBXV1.R2:=0.*ON_X2;
ACBXV1.L2:=0.*ON_X2;
ACBXH1.R2:=0.*ON_SEP2;
ACBXH1.L2:=0.*ON_SEP2;
ACBCVS5.R2B2:=0.;
ACBCVS5.R2B1:=0.000026216224325200005*ON_X2;
ACBCV6.R2B2:=-7.860414973300003e-6*ON_X2;
ACBCV6.L2B1:=-8.914757725200003e-6*ON_X2;
ACBCV5.R2B1:=0.;
ACBCHS5.R2B2:=0.0000269377592724*ON_SEP2;
ACBCHS5.R2B1:=-0.0000345594919536*ON_SEP2;
ACBCH6.R2B1:=0.;
ACBCH6.L2B2:=0.;
ACBCH5.R2B2:=0.;
;
! </IR2 squeeze strength data> ;
