;
! <IR2 squeeze strength data> ;
! Created: Mon 15 Jun 2009 16:00:40 ;
! Squeeze parameters: BETA.IP2 10. ;
! Squeeze parameter: KQX.L2 0.0088898 ;
;
! <Non-settings > ;
;
! </Non-settings > ;
ACBCH5.R2B2:=0.;
ACBCH6.L2B2:=0.;
ACBCH6.R2B1:=0.;
ACBCHS5.R2B1:=-0.000035414547624*ON_SEP2;
ACBCHS5.R2B2:=0.00002633025437*ON_SEP2;
ACBCV5.R2B1:=0.;
ACBCV6.L2B1:=-2.99377601e-6*ON_X2;
ACBCV6.R2B2:=-2.790087466e-6*ON_X2;
ACBCVS5.R2B1:=0.000011332789*ON_X2;
ACBCVS5.R2B2:=0.;
ACBXH1.L2:=0.*ON_SEP2;
ACBXH1.R2:=0.*ON_SEP2;
ACBXV1.L2:=0.*ON_X2;
ACBXV1.R2:=0.*ON_X2;
ACBYH4.L2B2:=0.;
ACBYH4.R2B1:=0.;
ACBYH5.L2B1:=0.;
ACBYHS4.L2B1:=0.000044272364507*ON_SEP2;
ACBYHS4.L2B2:=-0.000026308406469*ON_SEP2;
ACBYHS4.R2B1:=0.000035936055702*ON_SEP2;
ACBYHS4.R2B2:=-0.000052683824405*ON_SEP2;
ACBYHS5.L2B1:=-0.000021362300229*ON_SEP2;
ACBYHS5.L2B2:=0.000024148474169*ON_SEP2;
ACBYV4.L2B1:=0.;
ACBYV4.R2B2:=0.;
ACBYV5.L2B2:=0.;
ACBYVS4.L2B1:=-3.02120279e-6*ON_X2;
ACBYVS4.L2B2:=-7.112606743e-6*ON_X2;
ACBYVS4.R2B1:=-0.000010587979249*ON_X2;
ACBYVS4.R2B2:=-3.059831057e-6*ON_X2;
ACBYVS5.L2B1:=0.;
ACBYVS5.L2B2:=8.670116694e-6*ON_X2;
BETA.IP2:=10.;
KQ10.L2B1:=-0.007007244084094;
KQ10.L2B2:=0.007483666681734;
KQ10.R2B1:=0.007460412152933;
KQ10.R2B2:=-0.006921223472498;
KQ4.L2B1:=-0.003345128738641;
KQ4.L2B2:=0.00277411588123;
KQ4.R2B1:=0.002792403404732;
KQ4.R2B2:=-0.00343307204969;
KQ5.L2B1:=0.004445604215088;
KQ5.L2B2:=-0.003006521816356;
KQ5.R2B1:=-0.003077395233943;
KQ5.R2B2:=0.004522372568541;
KQ6.L2B1:=-0.004439884096029;
KQ6.L2B2:=0.003825381915348;
KQ6.R2B1:=0.003885220035024;
KQ6.R2B2:=-0.004507094072244;
KQ7.L2B1:=0.007502552387363;
KQ7.L2B2:=-0.006373748328165;
KQ7.R2B1:=-0.006362535668568;
KQ7.R2B2:=0.007539775627227;
KQ8.L2B1:=-0.005794209655402;
KQ8.L2B2:=0.006829121221351;
KQ8.R2B1:=0.006708664758403;
KQ8.R2B2:=-0.005536616764114;
KQ9.L2B1:=0.006999471770244;
KQ9.L2B2:=-0.007702405147618;
KQ9.R2B1:=-0.007296967671943;
KQ9.R2B2:=0.006971820975408;
KQT12.L2B1:=-0.003725159756231;
KQT12.L2B2:=-0.001857541111233;
KQT12.R2B1:=-0.00243587365173;
KQT12.R2B2:=-0.003315254974566;
KQT13.L2B1:=0.002422503941122;
KQT13.L2B2:=-0.003265808386162;
KQT13.R2B1:=-0.003395908001;
KQT13.R2B2:=0.002810181966524;
KQTL11.L2B1:=0.000772339972252;
KQTL11.L2B2:=-0.002966431198614;
KQTL11.R2B1:=-0.001825699800025;
KQTL11.R2B2:=0.00079997231796;
KQX.L2:=0.008889797681;
;
! </IR2 squeeze strength data> ;
