;
! <IR2 squeeze strength data> ;
! Created: Mon 15 Jun 2009 16:00:44 ;
! Squeeze parameters: BETA.IP2 1.1 ;
! Squeeze parameter: KQX.L2 0.0088898 ;
;
! <Non-settings > ;
;
! </Non-settings > ;
ACBCH5.R2B2:=0.;
ACBCH6.L2B2:=0.;
ACBCH6.R2B1:=0.;
ACBCHS5.R2B1:=-0.000034595654891*ON_SEP2;
ACBCHS5.R2B2:=0.000027220527169*ON_SEP2;
ACBCV5.R2B1:=0.;
ACBCV6.L2B1:=-0.000012788064801*ON_X2;
ACBCV6.R2B2:=-0.000010947833404*ON_X2;
ACBCVS5.R2B1:=0.000034782882687*ON_X2;
ACBCVS5.R2B2:=0.;
ACBXH1.L2:=0.*ON_SEP2;
ACBXH1.R2:=0.*ON_SEP2;
ACBXV1.L2:=0.*ON_X2;
ACBXV1.R2:=0.*ON_X2;
ACBYH4.L2B2:=0.;
ACBYH4.R2B1:=0.;
ACBYH5.L2B1:=0.;
ACBYHS4.L2B1:=0.000040213254543*ON_SEP2;
ACBYHS4.L2B2:=-0.000030150221995*ON_SEP2;
ACBYHS4.R2B1:=0.000039064464331*ON_SEP2;
ACBYHS4.R2B2:=-0.000048597919573*ON_SEP2;
ACBYHS5.L2B1:=-0.000019808991466*ON_SEP2;
ACBYHS5.L2B2:=0.000024579097566*ON_SEP2;
ACBYV4.L2B1:=0.;
ACBYV4.R2B2:=0.;
ACBYV5.L2B2:=0.;
ACBYVS4.L2B1:=-5.583328582e-6*ON_X2;
ACBYVS4.L2B2:=-0.000018115668028*ON_X2;
ACBYVS4.R2B1:=-0.000029115687037*ON_X2;
ACBYVS4.R2B2:=-4.822290073e-6*ON_X2;
ACBYVS5.L2B1:=0.;
ACBYVS5.L2B2:=0.000025159630499*ON_X2;
BETA.IP2:=1.1;
KQ10.L2B1:=-0.006224050117801;
KQ10.L2B2:=0.007482278379731;
KQ10.R2B1:=0.007449037068239;
KQ10.R2B2:=-0.006233308422006;
KQ4.L2B1:=-0.002169116441744;
KQ4.L2B2:=0.00203907414392;
KQ4.R2B1:=0.002143651293596;
KQ4.R2B2:=-0.002212956191357;
KQ5.L2B1:=0.001666817358636;
KQ5.L2B2:=-0.001456161335302;
KQ5.R2B1:=-0.001605338134863;
KQ5.R2B2:=0.001732677136706;
KQ6.L2B1:=-0.006074726237429;
KQ6.L2B2:=0.006481238990662;
KQ6.R2B1:=0.006298059577965;
KQ6.R2B2:=-0.006007567312986;
KQ7.L2B1:=0.007830028165805;
KQ7.L2B2:=-0.007877471998317;
KQ7.R2B1:=-0.007836423719342;
KQ7.R2B2:=0.007782343076473;
KQ8.L2B1:=-0.006028719295488;
KQ8.L2B2:=0.008173553922806;
KQ8.R2B1:=0.007802333579778;
KQ8.R2B2:=-0.005815483709728;
KQ9.L2B1:=0.00674353004945;
KQ9.L2B2:=-0.007144628557148;
KQ9.R2B1:=-0.00668850847367;
KQ9.R2B2:=0.006640718230419;
KQT12.L2B1:=-0.004338217319431;
KQT12.L2B2:=-0.000377720151646;
KQT12.R2B1:=-0.001075112050731;
KQT12.R2B2:=-0.003898042274867;
KQT13.L2B1:=-0.00112865193609;
KQT13.L2B2:=-0.002982798815617;
KQT13.R2B1:=-0.003116485124087;
KQT13.R2B2:=-0.001450071950821;
KQTL11.L2B1:=-0.000245965004971;
KQTL11.L2B2:=-0.002510517323459;
KQTL11.R2B1:=-0.001516926243576;
KQTL11.R2B2:=-0.000145688952736;
KQX.L2:=0.008889797681;
;
! </IR2 squeeze strength data> ;
