;
! <IR2 squeeze strength data> ;
! Created: Wed 16 Sep 2009 08:30:38 ;
! Squeeze parameters: BETA.IP2 10. ;
! Squeeze parameter: KQX.L2 0.00935481 ;
;
! <Non-settings> ;
! StrengthFileName IR2BumpMatching-2009-09-16-08-30-32.str ;
;
! </Non-settings> ;
BETA.IP2:=10.;
KQX.L2:=0.00935481128;
KQTL11.R2B2:=0.00050681897227;
KQTL11.R2B1:=-0.002176834841699;
KQTL11.L2B2:=-0.000615143254353;
KQTL11.L2B1:=-0.000094388940365;
KQT13.R2B2:=0.002494985889828;
KQT13.R2B1:=-0.003041715161796;
KQT13.L2B2:=-0.000221601062734;
KQT13.L2B1:=-0.002740918330741;
KQT12.R2B2:=-0.000834670246241;
KQT12.R2B1:=-0.002820831792935;
KQT12.L2B2:=-0.004220292658657;
KQT12.L2B1:=-0.001656862239768;
KQ9.R2B2:=0.007035605279243;
KQ9.R2B1:=-0.006017395910756;
KQ9.L2B2:=-0.007280308186124;
KQ9.L2B1:=0.006022785025402;
KQ8.R2B2:=-0.004853825612084;
KQ8.R2B1:=0.005703277376309;
KQ8.L2B2:=0.006374158836438;
KQ8.L2B1:=-0.004201372296887;
KQ7.R2B2:=0.00648764132633;
KQ7.R2B1:=-0.00622430024454;
KQ7.L2B2:=-0.006407610387851;
KQ7.L2B1:=0.00582633757519;
KQ6.R2B2:=-0.004251024441572;
KQ6.R2B1:=0.004383706185565;
KQ6.L2B2:=0.004055465708261;
KQ6.L2B1:=-0.004024183029397;
KQ5.R2B2:=0.003887852668481;
KQ5.R2B1:=-0.00477829252323;
KQ5.L2B2:=-0.003750137275365;
KQ5.L2B1:=0.00457785020006;
KQ4.R2B2:=-0.003733257289678;
KQ4.R2B1:=0.00506886628518;
KQ4.L2B2:=0.004098953500302;
KQ4.L2B1:=-0.00519423677462;
KQ10.R2B2:=-0.006894425325033;
KQ10.R2B1:=0.007394534373372;
KQ10.L2B2:=0.007405158032804;
KQ10.L2B1:=-0.005409193390892;
ACBYVS5.L2B2:=0.000062773147084*ON_X2;
ACBYVS5.L2B1:=0.;
ACBYVS4.R2B2:=-0.000067972307114*ON_X2;
ACBYVS4.R2B1:=-0.000056964848097*ON_X2;
ACBYVS4.L2B2:=-0.000023832043844*ON_X2;
ACBYVS4.L2B1:=-0.00008656333585*ON_X2;
ACBYV5.L2B2:=0.;
ACBYV4.R2B2:=0.;
ACBYV4.L2B1:=0.;
ACBYHS5.L2B2:=0.000028810271516*ON_SEP2;
ACBYHS5.L2B1:=-0.000030766241371*ON_SEP2;
ACBYHS4.R2B2:=-0.000092190011996*ON_SEP2;
ACBYHS4.R2B1:=0.000039258892058*ON_SEP2;
ACBYHS4.L2B2:=-0.000032578764212*ON_SEP2;
ACBYHS4.L2B1:=0.000087253719189*ON_SEP2;
ACBYH5.L2B1:=0.;
ACBYH4.R2B1:=0.;
ACBYH4.L2B2:=0.;
ACBXV1.R2:=0.*ON_X2;
ACBXV1.L2:=0.*ON_X2;
ACBXH1.R2:=0.000024378337124999997*ON_SEP2;
ACBXH1.L2:=0.000024646479525000004*ON_SEP2;
ACBCVS5.R2B2:=0.;
ACBCVS5.R2B1:=0.000077901017419*ON_X2;
ACBCV6.R2B2:=-0.000012749773254*ON_X2;
ACBCV6.L2B1:=-0.000013314835578*ON_X2;
ACBCV5.R2B1:=0.;
ACBCHS5.R2B2:=0.000039905547908*ON_SEP2;
ACBCHS5.R2B1:=-0.000045618980514*ON_SEP2;
ACBCH6.R2B1:=0.;
ACBCH6.L2B2:=0.;
ACBCH5.R2B2:=0.;
;
! </IR2 squeeze strength data> ;
