;
! <IR2 squeeze strength data> ;
! Created: Mon 15 Jun 2009 16:00:41 ;
! Squeeze parameters: BETA.IP2 8. ;
! Squeeze parameter: KQX.L2 0.0088898 ;
;
! <Non-settings > ;
;
! </Non-settings > ;
ACBCH5.R2B2:=0.;
ACBCH6.L2B2:=0.;
ACBCH6.R2B1:=0.;
ACBCHS5.R2B1:=-0.00003540785246*ON_SEP2;
ACBCHS5.R2B2:=0.00002634279966*ON_SEP2;
ACBCV5.R2B1:=0.;
ACBCV6.L2B1:=-3.435090717e-6*ON_X2;
ACBCV6.R2B2:=-3.185268079e-6*ON_X2;
ACBCVS5.R2B1:=0.000012672240606*ON_X2;
ACBCVS5.R2B2:=0.;
ACBXH1.L2:=0.*ON_SEP2;
ACBXH1.R2:=0.*ON_SEP2;
ACBXV1.L2:=0.*ON_X2;
ACBXV1.R2:=0.*ON_X2;
ACBYH4.L2B2:=0.;
ACBYH4.R2B1:=0.;
ACBYH5.L2B1:=0.;
ACBYHS4.L2B1:=0.000044214115533*ON_SEP2;
ACBYHS4.L2B2:=-0.000026409340077*ON_SEP2;
ACBYHS4.R2B1:=0.000035961593317*ON_SEP2;
ACBYHS4.R2B2:=-0.000052626028307*ON_SEP2;
ACBYHS5.L2B1:=-0.000021173965719*ON_SEP2;
ACBYHS5.L2B2:=0.000024230983267*ON_SEP2;
ACBYV4.L2B1:=0.;
ACBYV4.R2B2:=0.;
ACBYV5.L2B2:=0.;
ACBYVS4.L2B1:=-3.461570108e-6*ON_X2;
ACBYVS4.L2B2:=-7.923934893e-6*ON_X2;
ACBYVS4.R2B1:=-0.00001182947337*ON_X2;
ACBYVS4.R2B2:=-3.508681606e-6*ON_X2;
ACBYVS5.L2B1:=0.;
ACBYVS5.L2B2:=9.644474063e-6*ON_X2;
BETA.IP2:=8.;
KQ10.L2B1:=-0.006865065160408;
KQ10.L2B2:=0.007483173383644;
KQ10.R2B1:=0.007460058124306;
KQ10.R2B2:=-0.00680069682075;
KQ4.L2B1:=-0.003319261945146;
KQ4.L2B2:=0.002752634811114;
KQ4.R2B1:=0.002787201647964;
KQ4.R2B2:=-0.003415415097876;
KQ5.L2B1:=0.004211811010148;
KQ5.L2B2:=-0.002862254118115;
KQ5.R2B1:=-0.002953939525845;
KQ5.R2B2:=0.004306412306805;
KQ6.L2B1:=-0.004504586073172;
KQ6.L2B2:=0.003925390123823;
KQ6.R2B1:=0.003996621746957;
KQ6.R2B2:=-0.004570181824492;
KQ7.L2B1:=0.007416373080975;
KQ7.L2B2:=-0.006499860567012;
KQ7.R2B1:=-0.006508048960491;
KQ7.R2B2:=0.007463336671196;
KQ8.L2B1:=-0.005796293967744;
KQ8.L2B2:=0.007115211915408;
KQ8.R2B1:=0.007006136057189;
KQ8.R2B2:=-0.00554400962344;
KQ9.L2B1:=0.007001814732274;
KQ9.L2B2:=-0.00765863551659;
KQ9.R2B1:=-0.007242071578354;
KQ9.R2B2:=0.006973928171364;
KQT12.L2B1:=-0.00372089596281;
KQT12.L2B2:=-0.001689332923703;
KQT12.R2B1:=-0.002270539093665;
KQT12.R2B2:=-0.003318003839284;
KQT13.L2B1:=0.002473145152206;
KQT13.L2B2:=-0.003252707339953;
KQT13.R2B1:=-0.003369311602089;
KQT13.R2B2:=0.002840859902983;
KQTL11.L2B1:=0.000622220101923;
KQTL11.L2B2:=-0.002851143550984;
KQTL11.R2B1:=-0.001715549409799;
KQTL11.R2B2:=0.000659459609748;
KQX.L2:=0.008889797681;
;
! </IR2 squeeze strength data> ;
