beta.ip2             :=  8.500000000000000 ;

! saved on 30/06/08 10:32:29 by T.Risselada

kqt13.l2b1           :=  0.002460484849435 ;  // 29/06/08 18:08
kqt12.l2b1           := -0.003721961911165 ;
kqtl11.l2b1          :=  0.000659750069505 ;
kq10.l2b1            := -0.006891849022285 ;
kq9.l2b1             :=  0.006997728661780 ;
kq8.l2b1             := -0.005784162647738 ;
kq7.l2b1             :=  0.007438239651667 ;
kq6.l2b1             := -0.004489661844093 ;
kq5.l2b1             :=  0.004285766865747 ;
kq4.l2b1             := -0.003343466296133 ;
kq4.r2b1             :=  0.002791816361321 ;
kq5.r2b1             := -0.002988528648330 ;
kq6.r2b1             :=  0.003960362778711 ;
kq7.r2b1             := -0.006466608802402 ;
kq8.r2b1             :=  0.006933178295493 ;
kq9.r2b1             := -0.007256308600020 ;
kq10.r2b1            :=  0.007460362177149 ;
kqtl11.r2b1          := -0.001743087007356 ;
kqt12.r2b1           := -0.002311872733181 ;
kqt13.r2b1           := -0.003375960701817 ;

kqt13.l2b2           := -0.003255982601505 ;  // 29/06/08 18:19
kqt12.l2b2           := -0.001731384970586 ;
kqtl11.l2b2          := -0.002879965462892 ;
kq10.l2b2            :=  0.007483367635749 ;
kq9.l2b2             := -0.007668507982786 ;
kq8.l2b2             :=  0.007043729215740 ;
kq7.l2b2             := -0.006464417507414 ;
kq6.l2b2             :=  0.003893210644859 ;
kq5.l2b2             := -0.002905118898715 ;
kq4.l2b2             :=  0.002762691594450 ;
kqx.l2               :=  0.008889797681000 ;
kq4.r2b2             := -0.003434606070303 ;
kq5.r2b2             :=  0.004374054808142 ;
kq6.r2b2             := -0.004554109657826 ;
kq7.r2b2             :=  0.007481948484341 ;
kq8.r2b2             := -0.005534384040244 ;
kq9.r2b2             :=  0.006970292006340 ;
kq10.r2b2            := -0.006823628924244 ;
kqtl11.r2b2          :=  0.000694587786801 ;
kqt12.r2b2           := -0.003317316623105 ;
kqt13.r2b2           :=  0.002833190418868 ;
