 beta.ip2       :=    10.000000000000000 ;

! saved on 14/06/08 12:40:49 by T.Risselada

 kqt13.l2b1     :=     0.002422503941122 ;  // 04/06/08 13:59
 kqt12.l2b1     :=    -0.003725159756231 ;
 kqtl11.l2b1    :=     0.000772339972252 ;
 kq10.l2b1      :=    -0.007007244084094 ;
 kq9.l2b1       :=     0.006999471770244 ;
 kq8.l2b1       :=    -0.005794209655402 ;
 kq7.l2b1       :=     0.007502552387363 ;
 kq6.l2b1       :=    -0.004439884096029 ;
 kq5.l2b1       :=     0.004445604215088 ;
 kq4.l2b1       :=    -0.003345128738641 ;
 kqx.l2         :=     0.008889797681000 ;
 kq4.r2b1       :=     0.002792403404732 ;
 kq5.r2b1       :=    -0.003077395233943 ;
 kq6.r2b1       :=     0.003885220035024 ;
 kq7.r2b1       :=    -0.006362535668568 ;
 kq8.r2b1       :=     0.006708664758403 ;
 kq9.r2b1       :=    -0.007296967671943 ;
 kq10.r2b1      :=     0.007460412152933 ;
 kqtl11.r2b1    :=    -0.001825699800025 ;
 kqt12.r2b1     :=    -0.002435873651730 ;
 kqt13.r2b1     :=    -0.003395908001000 ;

 kqt13.l2b2     :=    -0.003265808386162 ;  // 27/05/08 19:12
 kqt12.l2b2     :=    -0.001857541111233 ;
 kqtl11.l2b2    :=    -0.002966431198614 ;
 kq10.l2b2      :=     0.007483666681734 ;
 kq9.l2b2       :=    -0.007702405147618 ;
 kq8.l2b2       :=     0.006829121221351 ;
 kq7.l2b2       :=    -0.006373748328165 ;
 kq6.l2b2       :=     0.003825381915348 ;
 kq5.l2b2       :=    -0.003006521816356 ;
 kq4.l2b2       :=     0.002774115881230 ;
 kqx.l2         :=     0.008889797681000 ;
 kq4.r2b2       :=    -0.003433072049690 ;
 kq5.r2b2       :=     0.004522372568541 ;
 kq6.r2b2       :=    -0.004507094072244 ;
 kq7.r2b2       :=     0.007539775627227 ;
 kq8.r2b2       :=    -0.005536616764114 ;
 kq9.r2b2       :=     0.006971820975408 ;
 kq10.r2b2      :=    -0.006921223472498 ;
 kqtl11.r2b2    :=     0.000799972317960 ;
 kqt12.r2b2     :=    -0.003315254974566 ;
 kqt13.r2b2     :=     0.002810181966524 ;

 acbxh1.l2      :=     0.000000000000000*on_sep2 ;  // 14/06/08 12:40
 acbxh1.r2      :=     0.000000000000000*on_sep2 ;
 acbyhs5.l2b1   :=    -0.000021362299316*on_sep2 ;
 acbyhs4.l2b1   :=     0.000044272363115*on_sep2 ;
 acbyhs4.r2b1   :=     0.000035936057717*on_sep2 ;
 acbchs5.r2b1   :=    -0.000035414551303*on_sep2 ;
 acbyhs5.l2b2   :=     0.000024148477065*on_sep2 ;
 acbyhs4.l2b2   :=    -0.000026308407640*on_sep2 ;
 acbyhs4.r2b2   :=    -0.000052683825049*on_sep2 ;
 acbchs5.r2b2   :=     0.000026330254783*on_sep2 ;
 acbxv1.l2      :=     0.000000000000000*on_x2   ;
 acbxv1.r2      :=    -0.000000000000000*on_x2   ;
 acbcv6.l2b1    :=    -0.000008981328029*on_x2   ;
 acbyvs4.l2b1   :=    -0.000009063608369*on_x2   ;
 acbyvs4.r2b1   :=    -0.000031763937748*on_x2   ;
 acbcvs5.r2b1   :=     0.000033998367000*on_x2   ;
 acbyvs5.l2b2   :=     0.000026010350082*on_x2   ;
 acbyvs4.l2b2   :=    -0.000021337820228*on_x2   ;
 acbyvs4.r2b2   :=    -0.000009179493171*on_x2   ;
 acbcv6.r2b2    :=    -0.000008370262398*on_x2   ;
 acbyvs5.l2b1   :=     0.000000000000000 ;
 acbyh5.l2b1    :=     0.000000000000000 ;
 acbyv4.l2b1    :=     0.000000000000000 ;
 acbyh4.r2b1    :=     0.000000000000000 ;
 acbcv5.r2b1    :=     0.000000000000000 ;
 acbch6.r2b1    :=     0.000000000000000 ;
 acbch6.l2b2    :=     0.000000000000000 ;
 acbyv5.l2b2    :=     0.000000000000000 ;
 acbyh4.l2b2    :=     0.000000000000000 ;
 acbyv4.r2b2    :=     0.000000000000000 ;
 acbch5.r2b2    :=     0.000000000000000 ;
 acbcvs5.r2b2   :=     0.000000000000000 ;

return;
