beta.ip1 =    14.500000000000 ;

kqt13.l1b1 =    -0.003677930524 ;
kqt12.l1b1 =    -0.000660966910 ;
kqtl11.l1b1 =    -0.002801158242 ;
kq10.l1b1 =     0.007399741360 ;
kq9.l1b1 =    -0.006911550120 ;
kq8.l1b1 =     0.006858226119 ;
kq7.l1b1 =    -0.003757434629 ;
kq6.l1b1 =     0.004623340841 ;
kq5.l1b1 =    -0.006066022152 ;
kq4.l1b1 =     0.005671930253 ;
kqx.l1 =    -0.008479230034 ;
ktqx1.l1 =     0.000019460854 ;
ktqx2.l1 =     0.000095355983 ;
kqx.r1 =     0.008479230034 ;
ktqx1.r1 =    -0.000019460854 ;
ktqx2.r1 =    -0.000095355983 ;
kq4.r1b1 =    -0.005215644204 ;
kq5.r1b1 =     0.006068243005 ;
kq6.r1b1 =    -0.004963661566 ;
kq7.r1b1 =     0.003698509934 ;
kq8.r1b1 =    -0.006352905352 ;
kq9.r1b1 =     0.006630607612 ;
kq10.r1b1 =    -0.007393066408 ;
kqtl11.r1b1 =     0.000337812412 ;
kqt12.r1b1 =    -0.000830379186 ;
kqt13.r1b1 =    -0.002789403215 ;

kqt13.l1b2 =    -0.003799215233 ;
kqt12.l1b2 =     0.000476039079 ;
kqtl11.l1b2 =     0.000219440210 ;
kq10.l1b2 =    -0.007279039038 ;
kq9.l1b2 =     0.006592796781 ;
kq8.l1b2 =    -0.006264957820 ;
kq7.l1b2 =     0.003695179666 ;
kq6.l1b2 =    -0.005053700717 ;
kq5.l1b2 =     0.006130732121 ;
kq4.l1b2 =    -0.005020814833 ;
kqx.l1 =    -0.008479230034 ;
ktqx1.l1 =     0.000019460854 ;
ktqx2.l1 =     0.000095355983 ;
kqx.r1 =     0.008479230034 ;
ktqx1.r1 =    -0.000019460854 ;
ktqx2.r1 =    -0.000095355983 ;
kq4.r1b2 =     0.005601671124 ;
kq5.r1b2 =    -0.006251479366 ;
kq6.r1b2 =     0.004719811113 ;
kq7.r1b2 =    -0.003669568852 ;
kq8.r1b2 =     0.006782654599 ;
kq9.r1b2 =    -0.007056321871 ;
kq10.r1b2 =     0.007490402098 ;
kqtl11.r1b2 =    -0.003413073474 ;
kqt12.r1b2 =    -0.001076309341 ;
kqt13.r1b2 =    -0.001066482608 ;

acbxh1.l1 :=    -0.000034839534 *on_sep1 ;
acbxh1.r1 :=    -0.000034839534 *on_sep1 ;
acbxh2.l1 :=     0.000000000000 *on_sep1 ;
acbxh2.r1 :=     0.000000000000 *on_sep1 ;

acbyhs4.l1b1 :=    -0.000015089135 *on_sep1 ;
acbch6.l1b1 :=    -0.000002688687 *on_sep1 ;
acbyhs4.r1b1 :=    -0.000138359659 *on_sep1 ;
acbch5.r1b1 :=     0.000073306261 *on_sep1 ;

acbyhs4.l1b2 :=     0.000124299857 *on_sep1 ;
acbch5.l1b2 :=    -0.000065266415 *on_sep1 ;
acbyhs4.r1b2 :=     0.000014813008 *on_sep1 ;
acbch6.r1b2 :=     0.000002829185 *on_sep1 ;

return;

muxip1cur =     2.606038581747 ;
muyip1cur =     2.642372239910 ;
muxip1cur =     2.606232430935 ;
muyip1cur =     2.642580189005 ;
