beta.ip1 =    46.000000000000 ;

kqt13.l1b1 =     0.000988751966 ;
kqt12.l1b1 =    -0.003452546209 ;
kqtl11.l1b1 =    -0.004694279075 ;
kq10.l1b1 =     0.007358544287 ;
kq9.l1b1 =    -0.006721295168 ;
kq8.l1b1 =     0.003111458875 ;
kq7.l1b1 =    -0.001926610302 ;
kq6.l1b1 =     0.005719785614 ;
kq5.l1b1 =    -0.006642497829 ;
kq4.l1b1 =     0.003214633592 ;
kqx.l1 =    -0.007930987352 ;
ktqx1.l1 =     0.000118036216 ;
ktqx2.l1 =     0.000578364114 ;
kqx.r1 =     0.007930987352 ;
ktqx1.r1 =    -0.000118036216 ;
ktqx2.r1 =    -0.000578364114 ;
kq4.r1b1 =    -0.002486262705 ;
kq5.r1b1 =     0.006240828592 ;
kq6.r1b1 =    -0.005970806543 ;
kq7.r1b1 =     0.002203693919 ;
kq8.r1b1 =    -0.002527109560 ;
kq9.r1b1 =     0.006434141578 ;
kq10.r1b1 =    -0.007636820408 ;
kqtl11.r1b1 =     0.000756071444 ;
kqt12.r1b1 =    -0.003749807604 ;
kqt13.r1b1 =    -0.001700278702 ;

kqt13.l1b2 =    -0.002403378854 ;
kqt12.l1b2 =    -0.003412672600 ;
kqtl11.l1b2 =     0.000666678873 ;
kq10.l1b2 =    -0.007585142522 ;
kq9.l1b2 =     0.006428335871 ;
kq8.l1b2 =    -0.002710622735 ;
kq7.l1b2 =     0.002217875091 ;
kq6.l1b2 =    -0.005938287785 ;
kq5.l1b2 =     0.006243171817 ;
kq4.l1b2 =    -0.002451913228 ;
kqx.l1 =    -0.007930987352 ;
ktqx1.l1 =     0.000118036216 ;
ktqx2.l1 =     0.000578364114 ;
kqx.r1 =     0.007930987352 ;
ktqx1.r1 =    -0.000118036216 ;
ktqx2.r1 =    -0.000578364114 ;
kq4.r1b2 =     0.002982092919 ;
kq5.r1b2 =    -0.006638247487 ;
kq6.r1b2 =     0.005840558319 ;
kq7.r1b2 =    -0.001948958814 ;
kq8.r1b2 =     0.002882790458 ;
kq9.r1b2 =    -0.006683238881 ;
kq10.r1b2 =     0.007391344235 ;
kqtl11.r1b2 =    -0.004811370445 ;
kqt12.r1b2 =    -0.003739307851 ;
kqt13.r1b2 =     0.001761573400 ;

acbxh1.l1 :=    -0.000019560386 *on_sep1 ;
acbxh1.r1 :=    -0.000019560386 *on_sep1 ;
acbxh2.l1 :=     0.000000000000 *on_sep1 ;
acbxh2.r1 :=     0.000000000000 *on_sep1 ;

acbyhs4.l1b1 :=     0.000021147050 *on_sep1 ;
acbch6.l1b1 :=    -0.000021316805 *on_sep1 ;
acbyhs4.r1b1 :=    -0.000173100152 *on_sep1 ;
acbch5.r1b1 :=     0.000111239081 *on_sep1 ;

acbyhs4.l1b2 :=     0.000152413219 *on_sep1 ;
acbch5.l1b2 :=    -0.000099109085 *on_sep1 ;
acbyhs4.r1b2 :=    -0.000023916231 *on_sep1 ;
acbch6.r1b2 :=     0.000022297753 *on_sep1 ;

return;

muxip1b1 =     2.469471557616 ;
muyip1b1 =     2.608802017252 ;

muxip1b2 =     2.470646251129 ;
muyip1b2 =     2.610061821478 ;
