beta.ip1 =    43.000000000000 ;

kqt13.l1b1 =     0.000737743337 ;
kqt12.l1b1 =    -0.003159061317 ;
kqtl11.l1b1 =    -0.004677034515 ;
kq10.l1b1 =     0.007370812304 ;
kq9.l1b1 =    -0.006775231547 ;
kq8.l1b1 =     0.003436756092 ;
kq7.l1b1 =    -0.002024873850 ;
kq6.l1b1 =     0.005642468068 ;
kq5.l1b1 =    -0.006703166571 ;
kq4.l1b1 =     0.003572334261 ;
kqx.l1 =    -0.007960486192 ;
ktqx1.l1 =     0.000112732253 ;
ktqx2.l1 =     0.000552375295 ;
kqx.r1 =     0.007960486192 ;
ktqx1.r1 =    -0.000112732253 ;
ktqx2.r1 =    -0.000552375295 ;
kq4.r1b1 =    -0.002647578686 ;
kq5.r1b1 =     0.006272175162 ;
kq6.r1b1 =    -0.005973767085 ;
kq7.r1b1 =     0.002311534641 ;
kq8.r1b1 =    -0.002687663747 ;
kq9.r1b1 =     0.006439373453 ;
kq10.r1b1 =    -0.007628168865 ;
kqtl11.r1b1 =     0.000738656146 ;
kqt12.r1b1 =    -0.003592884112 ;
kqt13.r1b1 =    -0.001803859561 ;
kqt13.l1b2 =    -0.002476925752 ;
kqt12.l1b2 =    -0.003203545228 ;
kqtl11.l1b2 =     0.000647375593 ;
kq10.l1b2 =    -0.007568745060 ;
kq9.l1b2 =     0.006437574400 ;
kq8.l1b2 =    -0.002868824098 ;
kq7.l1b2 =     0.002337258905 ;
kq6.l1b2 =    -0.005945340196 ;
kq5.l1b2 =     0.006277277974 ;
kq4.l1b2 =    -0.002619404422 ;
kqx.l1 =    -0.007960486192 ;
ktqx1.l1 =     0.000112732253 ;
ktqx2.l1 =     0.000552375295 ;
kqx.r1 =     0.007960486192 ;
ktqx1.r1 =    -0.000112732253 ;
ktqx2.r1 =    -0.000552375295 ;
kq4.r1b2 =     0.003301494347 ;
kq5.r1b2 =    -0.006703397819 ;
kq6.r1b2 =     0.005786763218 ;
kq7.r1b2 =    -0.002041536329 ;
kq8.r1b2 =     0.003169743353 ;
kq9.r1b2 =    -0.006726068581 ;
kq10.r1b2 =     0.007403212227 ;
kqtl11.r1b2 =    -0.004825615493 ;
kqt12.r1b2 =    -0.003471678912 ;
kqt13.r1b2 =     0.001609682004 ;

acbxh1.l1 :=    -0.000020231222 *on_sep1 ;
acbxh1.r1 :=    -0.000020231222 *on_sep1 ;
acbxh2.l1 :=     0.000000000000 *on_sep1 ;
acbxh2.r1 :=     0.000000000000 *on_sep1 ;

acbyhs4.l1b1 :=     0.000017257160 *on_sep1 ;
acbch6.l1b1 :=    -0.000020247815 *on_sep1 ;
acbyhs4.r1b1 :=    -0.000172054977 *on_sep1 ;
acbch5.r1b1 :=     0.000109395665 *on_sep1 ;

acbyhs4.l1b2 :=     0.000151791291 *on_sep1 ;
acbch5.l1b2 :=    -0.000097500208 *on_sep1 ;
acbyhs4.r1b2 :=    -0.000020115040 *on_sep1 ;
acbch6.r1b2 :=     0.000021188686 *on_sep1 ;

return;

muxip1cur =     2.476820248387 ;
muyip1cur =     2.610609100427 ;

muxip1cur =     2.477941624427 ;
muyip1cur =     2.611811510377 ;
