beta.ip1 =    60.000000000000 ;

kqt13.l1b1 =     0.001890825907 ;
kqt12.l1b1 =    -0.004326316098 ;
kqtl11.l1b1 =    -0.004802983593 ;
kq10.l1b1 =     0.007327037139 ;
kq9.l1b1 =    -0.006573365113 ;
kq8.l1b1 =     0.002174357274 ;
kq7.l1b1 =    -0.001574454974 ;
kq6.l1b1 =     0.005846569531 ;
kq5.l1b1 =    -0.006351511424 ;
kq4.l1b1 =     0.001983581673 ;
kqx.l1 =    -0.007824952725 ;
ktqx1.l1 =     0.000137101499 ;
ktqx2.l1 =     0.000671781844 ;
kqx.r1 =     0.007824952725 ;
ktqx1.r1 =    -0.000137101499 ;
ktqx2.r1 =    -0.000671781844 ;
kq4.r1b1 =    -0.001727673269 ;
kq5.r1b1 =     0.006055945936 ;
kq6.r1b1 =    -0.005865159507 ;
kq7.r1b1 =     0.001604355525 ;
kq8.r1b1 =    -0.001773764832 ;
kq9.r1b1 =     0.006353066735 ;
kq10.r1b1 =    -0.007676900119 ;
kqtl11.r1b1 =     0.000817770817 ;
kqt12.r1b1 =    -0.004313580107 ;
kqt13.r1b1 =    -0.001657859827 ;

kqt13.l1b2 =    -0.002138339456 ;
kqt12.l1b2 =    -0.004164304265 ;
kqtl11.l1b2 =     0.000725936170 ;
kq10.l1b2 =    -0.007644160582 ;
kq9.l1b2 =     0.006393468111 ;
kq8.l1b2 =    -0.002169974914 ;
kq7.l1b2 =     0.001649738336 ;
kq6.l1b2 =    -0.005802967205 ;
kq5.l1b2 =     0.006101998562 ;
kq4.l1b2 =    -0.001882004334 ;
kqx.l1 =    -0.007824952725 ;
ktqx1.l1 =     0.000137101499 ;
ktqx2.l1 =     0.000671781844 ;
kqx.r1 =     0.007824952725 ;
ktqx1.r1 =    -0.000137101499 ;
ktqx2.r1 =    -0.000671781844 ;
kq4.r1b2 =     0.001894401755 ;
kq5.r1b2 =    -0.006348929051 ;
kq6.r1b2 =     0.005913017597 ;
kq7.r1b2 =    -0.001616184176 ;
kq8.r1b2 =     0.002084815288 ;
kq9.r1b2 =    -0.006580486364 ;
kq10.r1b2 =     0.007360798269 ;
kqtl11.r1b2 =    -0.004810747090 ;
kqt12.r1b2 =    -0.004524947694 ;
kqt13.r1b2 =     0.002307590990 ;

acbxh1.l1 :=    -0.000017126977 *on_sep1 ;
acbxh1.r1 :=    -0.000017126977 *on_sep1 ;
acbxh2.l1 :=     0.000000000000 *on_sep1 ;
acbxh2.r1 :=     0.000000000000 *on_sep1 ;

acbyhs4.l1b1 :=     0.000035820214 *on_sep1 ;
acbch6.l1b1 :=    -0.000025045484 *on_sep1 ;
acbyhs4.r1b1 :=    -0.000175273063 *on_sep1 ;
acbch5.r1b1 :=     0.000118303051 *on_sep1 ;

acbyhs4.l1b2 :=     0.000154745994 *on_sep1 ;
acbch5.l1b2 :=    -0.000105003030 *on_sep1 ;
acbyhs4.r1b2 :=    -0.000038090485 *on_sep1 ;
acbch6.r1b2 :=     0.000026183894 *on_sep1 ;

return;

muxip1b1 =     2.443057143833 ;
muyip1b1 =     2.602307675217 ;

muxip1b2 =     2.444422772710 ;
muyip1b2 =     2.603772531888 ;
