beta.ip1 =    51.000000000000 ;

kqt13.l1b1 =     0.001356434339 ;
kqt12.l1b1 =    -0.003867324635 ;
kqtl11.l1b1 =    -0.004773152769 ;
kq10.l1b1 =     0.007340847366 ;
kq9.l1b1 =    -0.006626703169 ;
kq8.l1b1 =     0.002602263462 ;
kq7.l1b1 =    -0.001782587371 ;
kq6.l1b1 =     0.005823082102 ;
kq5.l1b1 =    -0.006523112916 ;
kq4.l1b1 =     0.002615475265 ;
kqx.l1 =    -0.007887808418 ;
ktqx1.l1 =     0.000125799893 ;
ktqx2.l1 =     0.000616405253 ;
kqx.r1 =     0.007887808418 ;
ktqx1.r1 =    -0.000125799893 ;
ktqx2.r1 =    -0.000616405253 ;
kq4.r1b1 =    -0.002216960824 ;
kq5.r1b1 =     0.006186038506 ;
kq6.r1b1 =    -0.005954992298 ;
kq7.r1b1 =     0.001999292282 ;
kq8.r1b1 =    -0.002199585147 ;
kq9.r1b1 =     0.006407443492 ;
kq10.r1b1 =    -0.007632540590 ;
kqtl11.r1b1 =     0.000781667348 ;
kqt12.r1b1 =    -0.003979745905 ;
kqt13.r1b1 =    -0.001605561583 ;

kqt13.l1b2 =    -0.002296142451 ;
kqt12.l1b2 =    -0.003718716875 ;
kqtl11.l1b2 =     0.000694994460 ;
kq10.l1b2 =    -0.007609127221 ;
kq9.l1b2 =     0.006412771549 ;
kq8.l1b2 =    -0.002468306259 ;
kq7.l1b2 =     0.002034777568 ;
kq6.l1b2 =    -0.005922392034 ;
kq5.l1b2 =     0.006175823441 ;
kq4.l1b2 =    -0.002167417787 ;
kqx.l1 =    -0.007887808419 ;
ktqx1.l1 =     0.000125799893 ;
ktqx2.l1 =     0.000616405253 ;
kqx.r1 =     0.007887808419 ;
ktqx1.r1 =    -0.000125799893 ;
ktqx2.r1 =    -0.000616405253 ;
kq4.r1b2 =     0.002459221085 ;
kq5.r1b2 =    -0.006515894523 ;
kq6.r1b2 =     0.005908919732 ;
kq7.r1b2 =    -0.001813454257 ;
kq8.r1b2 =     0.002450203642 ;
kq9.r1b2 =    -0.006613234768 ;
kq10.r1b2 =     0.007373613544 ;
kqtl11.r1b2 =    -0.004800939043 ;
kqt12.r1b2 =    -0.004131252911 ;
kqt13.r1b2 =     0.001983801144 ;

acbxh1.l1 :=    -0.000018576815 *on_sep1 ;
acbxh1.r1 :=    -0.000018576815 *on_sep1 ;
acbxh2.l1 :=     0.000000000000 *on_sep1 ;
acbxh2.r1 :=     0.000000000000 *on_sep1 ;

acbyhs4.l1b1 :=     0.000027532783 *on_sep1 ;
acbch6.l1b1 :=    -0.000022854089 *on_sep1 ;
acbyhs4.r1b1 :=    -0.000174332450 *on_sep1 ;
acbch5.r1b1 :=     0.000114015348 *on_sep1 ;

acbyhs4.l1b2 :=     0.000152949705 *on_sep1 ;
acbch5.l1b2 :=    -0.000101515466 *on_sep1 ;
acbyhs4.r1b2 :=    -0.000030013376 *on_sep1 ;
acbch6.r1b2 :=     0.000023894595 *on_sep1 ;

return;

muxip1b1 =     2.458714606798 ;
muyip1b1 =     2.606157119713 ;

muxip1b2 =     2.459967646792 ;
muyip1b2 =     2.607500713991 ;
