beta.ip1 =    16.700000000000 ;

kqt13.l1b1 =    -0.003148831481 ;
kqt12.l1b1 =    -0.000762986111 ;
kqtl11.l1b1 =    -0.003322556990 ;
kq10.l1b1 =     0.007426562385 ;
kq9.l1b1 =    -0.007051146244 ;
kq8.l1b1 =     0.006640093616 ;
kq7.l1b1 =    -0.003554085367 ;
kq6.l1b1 =     0.004563777969 ;
kq5.l1b1 =    -0.006239341351 ;
kq4.l1b1 =     0.005725267350 ;
kqx.l1 =    -0.008417106636 ;
ktqx1.l1 =     0.000030630791 ;
ktqx2.l1 =     0.000150087413 ;
kqx.r1 =     0.008417106636 ;
ktqx1.r1 =    -0.000030630791 ;
ktqx2.r1 =    -0.000150087413 ;
kq4.r1b1 =    -0.004971436116 ;
kq5.r1b1 =     0.006178547842 ;
kq6.r1b1 =    -0.005145743055 ;
kq7.r1b1 =     0.003577914507 ;
kq8.r1b1 =    -0.005878019283 ;
kq9.r1b1 =     0.006622592767 ;
kq10.r1b1 =    -0.007430964470 ;
kqtl11.r1b1 =     0.000392420919 ;
kqt12.r1b1 =    -0.001161290233 ;
kqt13.r1b1 =    -0.002568146095 ;

kqt13.l1b2 =    -0.003639464261 ;
kqt12.l1b2 =     0.000035321996 ;
kqtl11.l1b2 =     0.000273937566 ;
kq10.l1b2 =    -0.007313809411 ;
kq9.l1b2 =     0.006575024802 ;
kq8.l1b2 =    -0.005822720925 ;
kq7.l1b2 =     0.003538500963 ;
kq6.l1b2 =    -0.005196010240 ;
kq5.l1b2 =     0.006238669406 ;
kq4.l1b2 =    -0.004833743722 ;
kqx.l1 =    -0.008417106636 ;
ktqx1.l1 =     0.000030630791 ;
ktqx2.l1 =     0.000150087413 ;
kqx.r1 =     0.008417106636 ;
ktqx1.r1 =    -0.000030630791 ;
ktqx2.r1 =    -0.000150087413 ;
kq4.r1b2 =     0.005672210050 ;
kq5.r1b2 =    -0.006422173242 ;
kq6.r1b2 =     0.004676180172 ;
kq7.r1b2 =    -0.003474642953 ;
kq8.r1b2 =     0.006573865017 ;
kq9.r1b2 =    -0.007117010260 ;
kq10.r1b2 =     0.007503953407 ;
kqtl11.r1b2 =    -0.003828103645 ;
kqt12.r1b2 =    -0.001108183320 ;
kqt13.r1b2 =    -0.000745649309 ;

acbxh1.l1 :=    -0.000032463706 *on_sep1 ;
acbxh1.r1 :=    -0.000032463706 *on_sep1 ;
acbxh2.l1 :=     0.000000000000 *on_sep1 ;
acbxh2.r1 :=     0.000000000000 *on_sep1 ;

acbyhs4.l1b1 :=    -0.000013434822 *on_sep1 ;
acbch6.l1b1 :=    -0.000004193690 *on_sep1 ;
acbyhs4.r1b1 :=    -0.000145383171 *on_sep1 ;
acbch5.r1b1 :=     0.000078778693 *on_sep1 ;

acbyhs4.l1b2 :=     0.000130545710 *on_sep1 ;
acbch5.l1b2 :=    -0.000070204551 *on_sep1 ;
acbyhs4.r1b2 :=     0.000013026382 *on_sep1 ;
acbch6.r1b2 :=     0.000004421546 *on_sep1 ;

return;

muxip1b1 =     2.590563548765 ;
muyip1b1 =     2.638568107468 ;

muxip1b2 =     2.590868661520 ;
muyip1b2 =     2.638895413011 ;
