beta.ip1 =    67.000000000000 ;

kqt13.l1b1 =     0.002221906569 ;
kqt12.l1b1 =    -0.004546705234 ;
kqtl11.l1b1 =    -0.004871370693 ;
kq10.l1b1 =     0.007322252841 ;
kq9.l1b1 =    -0.006551081066 ;
kq8.l1b1 =     0.001961512735 ;
kq7.l1b1 =    -0.001445087639 ;
kq6.l1b1 =     0.005838085615 ;
kq5.l1b1 =    -0.006229010621 ;
kq4.l1b1 =     0.001589865091 ;
kqx.l1 =    -0.007786010882 ;
ktqx1.l1 =     0.000144103337 ;
ktqx2.l1 =     0.000706090058 ;
kqx.r1 =     0.007786010882 ;
ktqx1.r1 =    -0.000144103337 ;
ktqx2.r1 =    -0.000706090058 ;
kq4.r1b1 =    -0.001352078322 ;
kq5.r1b1 =     0.005938112157 ;
kq6.r1b1 =    -0.005781021583 ;
kq7.r1b1 =     0.001318254018 ;
kq8.r1b1 =    -0.001461355585 ;
kq9.r1b1 =     0.006309995531 ;
kq10.r1b1 =    -0.007705159192 ;
kqtl11.r1b1 =     0.000841373359 ;
kqt12.r1b1 =    -0.004520320718 ;
kqt13.r1b1 =    -0.001707233317 ;

kqt13.l1b2 =    -0.002038705489 ;
kqt12.l1b2 =    -0.004440230615 ;
kqtl11.l1b2 =     0.000747259330 ;
kq10.l1b2 =    -0.007665892078 ;
kq9.l1b2 =     0.006375851612 ;
kq8.l1b2 =    -0.001939095073 ;
kq7.l1b2 =     0.001386124023 ;
kq6.l1b2 =    -0.005715127519 ;
kq5.l1b2 =     0.006023913611 ;
kq4.l1b2 =    -0.001627021452 ;
kqx.l1 =    -0.007786010882 ;
ktqx1.l1 =     0.000144103337 ;
ktqx2.l1 =     0.000706090058 ;
kqx.r1 =     0.007786010882 ;
ktqx1.r1 =    -0.000144103337 ;
ktqx2.r1 =    -0.000706090058 ;
kq4.r1b2 =     0.001515147528 ;
kq5.r1b2 =    -0.006225698254 ;
kq6.r1b2 =     0.005901980250 ;
kq7.r1b2 =    -0.001493970053 ;
kq8.r1b2 =     0.001886190235 ;
kq9.r1b2 =    -0.006562890688 ;
kq10.r1b2 =     0.007355291288 ;
kqtl11.r1b2 =    -0.004874589119 ;
kqt12.r1b2 =    -0.004711202769 ;
kqt13.r1b2 =     0.002508436997 ;

acbxh1.l1 :=    -0.000016207608 *on_sep1 ;
acbxh1.r1 :=    -0.000016207608 *on_sep1 ;
acbxh2.l1 :=     0.000000000000 *on_sep1 ;
acbxh2.r1 :=     0.000000000000 *on_sep1 ;

acbyhs4.l1b1 :=     0.000041102422 *on_sep1 ;
acbch6.l1b1 :=    -0.000026348599 *on_sep1 ;
acbyhs4.r1b1 :=    -0.000175211136 *on_sep1 ;
acbch5.r1b1 :=     0.000121160603 *on_sep1 ;

acbyhs4.l1b2 :=     0.000155182376 *on_sep1 ;
acbch5.l1b2 :=    -0.000107291528 *on_sep1 ;
acbyhs4.r1b2 :=    -0.000043385983 *on_sep1 ;
acbch6.r1b2 :=     0.000027545493 *on_sep1 ;

return;

muxip1b1 =     2.433356633304 ;
muyip1b1 =     2.599922897283 ;

muxip1b2 =     2.434792045614 ;
muyip1b2 =     2.601462737311 ;
