beta.ip1 =    75.000000000000 ;

kqt13.l1b1 =     0.002534152746 ;
kqt12.l1b1 =    -0.004740944275 ;
kqtl11.l1b1 =    -0.005023368724 ;
kq10.l1b1 =     0.007316004815 ;
kq9.l1b1 =    -0.006495712786 ;
kq8.l1b1 =     0.001678200806 ;
kq7.l1b1 =    -0.001323861731 ;
kq6.l1b1 =     0.005842370950 ;
kq5.l1b1 =    -0.006061276596 ;
kq4.l1b1 =     0.001068539126 ;
kqx.l1 =    -0.007749338625 ;
ktqx1.l1 =     0.000150697098 ;
ktqx2.l1 =     0.000738398739 ;
kqx.r1 =     0.007749338625 ;
ktqx1.r1 =    -0.000150697098 ;
ktqx2.r1 =    -0.000738398739 ;
kq4.r1b1 =    -0.000954586226 ;
kq5.r1b1 =     0.005798462029 ;
kq6.r1b1 =    -0.005699261875 ;
kq7.r1b1 =     0.001066952028 ;
kq8.r1b1 =    -0.001146638559 ;
kq9.r1b1 =     0.006276719472 ;
kq10.r1b1 =    -0.007719859437 ;
kqtl11.r1b1 =     0.000865341610 ;
kqt12.r1b1 =    -0.004715499313 ;
kqt13.r1b1 =    -0.001647838985 ;

kqt13.l1b2 =    -0.001942796553 ;
kqt12.l1b2 =    -0.004699989395 ;
kqtl11.l1b2 =     0.000771370973 ;
kq10.l1b2 =    -0.007686350545 ;
kq9.l1b2 =     0.006352294462 ;
kq8.l1b2 =    -0.001666117298 ;
kq7.l1b2 =     0.001137220120 ;
kq6.l1b2 =    -0.005634306257 ;
kq5.l1b2 =     0.005903980463 ;
kq4.l1b2 =    -0.001272545619 ;
kqx.l1 =    -0.007749338625 ;
ktqx1.l1 =     0.000150697097 ;
ktqx2.l1 =     0.000738398739 ;
kqx.r1 =     0.007749338625 ;
ktqx1.r1 =    -0.000150697097 ;
ktqx2.r1 =    -0.000738398739 ;
kq4.r1b2 =     0.001100154468 ;
kq5.r1b2 =    -0.006084375100 ;
kq6.r1b2 =     0.005887866972 ;
kq7.r1b2 =    -0.001378886247 ;
kq8.r1b2 =     0.001690465071 ;
kq9.r1b2 =    -0.006536485355 ;
kq10.r1b2 =     0.007350977232 ;
kqtl11.r1b2 =    -0.005002750139 ;
kqt12.r1b2 =    -0.004839659583 ;
kqt13.r1b2 =     0.002697896652 ;

acbxh1.l1 :=    -0.000015318834 *on_sep1 ;
acbxh1.r1 :=    -0.000015318834 *on_sep1 ;
acbxh2.l1 :=     0.000000000000 *on_sep1 ;
acbxh2.r1 :=     0.000000000000 *on_sep1 ;

acbyhs4.l1b1 :=     0.000047112133 *on_sep1 ;
acbch6.l1b1 :=    -0.000027536325 *on_sep1 ;
acbyhs4.r1b1 :=    -0.000174742513 *on_sep1 ;
acbch5.r1b1 :=     0.000124012202 *on_sep1 ;

acbyhs4.l1b2 :=     0.000154559686 *on_sep1 ;
acbch5.l1b2 :=    -0.000109597091 *on_sep1 ;
acbyhs4.r1b2 :=    -0.000048787058 *on_sep1 ;
acbch6.r1b2 :=     0.000028776867 *on_sep1 ;

return;

muxip1cur =     2.424221519566 ;
muyip1cur =     2.597677266677 ;

muxip1cur =     2.425722611573 ;
muyip1cur =     2.599287566173 ;
