beta.ip1 =    19.200000000000 ;

kqt13.l1b1 =    -0.002594747416 ;
kqt12.l1b1 =    -0.000889996083 ;
kqtl11.l1b1 =    -0.003761567827 ;
kq10.l1b1 =     0.007439896764 ;
kq9.l1b1 =    -0.007099932382 ;
kq8.l1b1 =     0.006330402032 ;
kq7.l1b1 =    -0.003339127601 ;
kq6.l1b1 =     0.004630647569 ;
kq5.l1b1 =    -0.006419525262 ;
kq4.l1b1 =     0.005670880930 ;
kqx.l1 =    -0.008352036360 ;
ktqx1.l1 =     0.000042330585 ;
ktqx2.l1 =     0.000207415078 ;
kqx.r1 =     0.008352036360 ;
ktqx1.r1 =    -0.000042330585 ;
ktqx2.r1 =    -0.000207415078 ;
kq4.r1b1 =    -0.004635903980 ;
kq5.r1b1 =     0.006262005243 ;
kq6.r1b1 =    -0.005388957272 ;
kq7.r1b1 =     0.003472273652 ;
kq8.r1b1 =    -0.005363095101 ;
kq9.r1b1 =     0.006608164747 ;
kq10.r1b1 =    -0.007469115535 ;
kqtl11.r1b1 =     0.000451660418 ;
kqt12.r1b1 =    -0.001507895664 ;
kqt13.r1b1 =    -0.002372187971 ;
beta.ip1 =    19.200000000000 ;
kqt13.l1b2 =    -0.003472448587 ;
kqt12.l1b2 =    -0.000426337722 ;
kqtl11.l1b2 =     0.000332867217 ;
kq10.l1b2 =    -0.007350226657 ;
kq9.l1b2 =     0.006554266788 ;
kq8.l1b2 =    -0.005338690361 ;
kq7.l1b2 =     0.003400362422 ;
kq6.l1b2 =    -0.005391333686 ;
kq5.l1b2 =     0.006319435631 ;
kq4.l1b2 =    -0.004556639987 ;
kqx.l1 =    -0.008352036360 ;
ktqx1.l1 =     0.000042330585 ;
ktqx2.l1 =     0.000207415078 ;
kqx.r1 =     0.008352036360 ;
ktqx1.r1 =    -0.000042330585 ;
ktqx2.r1 =    -0.000207415078 ;
kq4.r1b2 =     0.005625948738 ;
kq5.r1b2 =    -0.006581959546 ;
kq6.r1b2 =     0.004742216078 ;
kq7.r1b2 =    -0.003270451776 ;
kq8.r1b2 =     0.006271606394 ;
kq9.r1b2 =    -0.007120785626 ;
kq10.r1b2 =     0.007508117081 ;
kqtl11.r1b2 =    -0.004201568025 ;
kqt12.r1b2 =    -0.001175383908 ;
kqt13.r1b2 =    -0.000409719723 ;

acbxh1.l1 :=    -0.000030276504 *on_sep1 ;
acbxh1.r1 :=    -0.000030276504 *on_sep1 ;
acbxh2.l1 :=     0.000000000000 *on_sep1 ;
acbxh2.r1 :=     0.000000000000 *on_sep1 ;

acbyhs4.l1b1 :=    -0.000011159574 *on_sep1 ;
acbch6.l1b1 :=    -0.000006112288 *on_sep1 ;
acbyhs4.r1b1 :=    -0.000151091386 *on_sep1 ;
acbch5.r1b1 :=     0.000083953498 *on_sep1 ;

acbyhs4.l1b2 :=     0.000135565201 *on_sep1 ;
acbch5.l1b2 :=    -0.000074859618 *on_sep1 ;
acbyhs4.r1b2 :=     0.000010589354 *on_sep1 ;
acbch6.r1b2 :=     0.000006450645 *on_sep1 ;

return;

muxip1b1 =     2.574354443679 ;
muyip1b1 =     2.634583522582 ;

muxip1b2 =     2.574776097889 ;
muyip1b2 =     2.635035846355 ;
