beta.ip1 =    22.000000000000 ;

kqt13.l1b1 =    -0.002031410168 ;
kqt12.l1b1 =    -0.001081271510 ;
kqtl11.l1b1 =    -0.004118451207 ;
kq10.l1b1 =     0.007441418985 ;
kq9.l1b1 =    -0.007083352815 ;
kq8.l1b1 =     0.005925877128 ;
kq7.l1b1 =    -0.003118810155 ;
kq6.l1b1 =     0.004802428310 ;
kq5.l1b1 =    -0.006580924561 ;
kq4.l1b1 =     0.005498331319 ;
kqx.l1 =    -0.008285864856 ;
ktqx1.l1 =     0.000054228381 ;
ktqx2.l1 =     0.000265712937 ;
kqx.r1 =     0.008285864856 ;
ktqx1.r1 =    -0.000054228381 ;
ktqx2.r1 =    -0.000265712937 ;
kq4.r1b1 =    -0.004225411743 ;
kq5.r1b1 =     0.006306262359 ;
kq6.r1b1 =    -0.005635389315 ;
kq7.r1b1 =     0.003370678979 ;
kq8.r1b1 =    -0.004824112548 ;
kq9.r1b1 =     0.006587648089 ;
kq10.r1b1 =    -0.007505835018 ;
kqtl11.r1b1 =     0.000513471737 ;
kqt12.r1b1 =    -0.001860388576 ;
kqt13.r1b1 =    -0.002203438527 ;

kqt13.l1b2 =    -0.003302923256 ;
kqt12.l1b2 =    -0.000895830056 ;
kqtl11.l1b2 =     0.000395561517 ;
kq10.l1b2 =    -0.007387245810 ;
kq9.l1b2 =     0.006530237213 ;
kq8.l1b2 =    -0.004819988516 ;
kq7.l1b2 =     0.003279701467 ;
kq6.l1b2 =    -0.005606762255 ;
kq5.l1b2 =     0.006361741023 ;
kq4.l1b2 =    -0.004187269653 ;
kqx.l1 =    -0.008285864856 ;
ktqx1.l1 =     0.000054228381 ;
ktqx2.l1 =     0.000265712937 ;
kqx.r1 =     0.008285864856 ;
ktqx1.r1 =    -0.000054228381 ;
ktqx2.r1 =    -0.000265712937 ;
kq4.r1b2 =     0.005449141647 ;
kq5.r1b2 =    -0.006719859388 ;
kq6.r1b2 =     0.004911999071 ;
kq7.r1b2 =    -0.003062787264 ;
kq8.r1b2 =     0.005863281209 ;
kq9.r1b2 =    -0.007079602982 ;
kq10.r1b2 =     0.007502826629 ;
kqtl11.r1b2 =    -0.004522364596 ;
kqt12.r1b2 =    -0.001317394047 ;
kqt13.r1b2 =    -0.000068236941 ;

acbxh1.l1 :=    -0.000028284271 *on_sep1 ;
acbxh1.r1 :=    -0.000028284271 *on_sep1 ;
acbxh2.l1 :=     0.000000000000 *on_sep1 ;
acbxh2.r1 :=     0.000000000000 *on_sep1 ;

acbyhs4.l1b1 :=    -0.000008199674 *on_sep1 ;
acbch6.l1b1 :=    -0.000008296238 *on_sep1 ;
acbyhs4.r1b1 :=    -0.000155500086 *on_sep1 ;
acbch5.r1b1 :=     0.000088821635 *on_sep1 ;

acbyhs4.l1b2 :=     0.000139257878 *on_sep1 ;
acbch5.l1b2 :=    -0.000079221548 *on_sep1 ;
acbyhs4.r1b2 :=     0.000007434025 *on_sep1 ;
acbch6.r1b2 :=     0.000008749790 *on_sep1 ;

return;

muxip1b1 =     2.557871021348 ;
muyip1b1 =     2.630531503970 ;

muxip1b2 =     2.558411189319 ;
muyip1b2 =     2.631110961738 ;
