beta.ip1 =    30.000000000000 ;

kqt13.l1b1 =    -0.000715386048 ;
kqt12.l1b1 =    -0.001922212844 ;
kqtl11.l1b1 =    -0.004594962710 ;
kq10.l1b1 =     0.007412167900 ;
kq9.l1b1 =    -0.006923879824 ;
kq8.l1b1 =     0.004694627868 ;
kq7.l1b1 =    -0.002599202291 ;
kq6.l1b1 =     0.005335446647 ;
kq5.l1b1 =    -0.006777906317 ;
kq4.l1b1 =     0.004680657368 ;
kqx.l1 =    -0.008131245269 ;
ktqx1.l1 =     0.000082029358 ;
ktqx2.l1 =     0.000401934578 ;
kqx.r1 =     0.008131245269 ;
ktqx1.r1 =    -0.000082029358 ;
ktqx2.r1 =    -0.000401934578 ;
kq4.r1b1 =    -0.003256022510 ;
kq5.r1b1 =     0.006293856877 ;
kq6.r1b1 =    -0.006009771193 ;
kq7.r1b1 =     0.003053043891 ;
kq8.r1b1 =    -0.003651410740 ;
kq9.r1b1 =     0.006525295405 ;
kq10.r1b1 =    -0.007575877058 ;
kqtl11.r1b1 =     0.000646006697 ;
kqt12.r1b1 =    -0.002683868465 ;
kqt13.r1b1 =    -0.001911224348 ;

kqt13.l1b2 =    -0.002908502746 ;
kqt12.l1b2 =    -0.001992666136 ;
kqtl11.l1b2 =     0.000535621426 ;
kq10.l1b2 =    -0.007473596231 ;
kq9.l1b2 =     0.006475786913 ;
kq8.l1b2 =    -0.003704488613 ;
kq7.l1b2 =     0.002962260556 ;
kq6.l1b2 =    -0.005950845600 ;
kq5.l1b2 =     0.006341794648 ;
kq4.l1b2 =    -0.003273532307 ;
kqx.l1 =    -0.008131245269 ;
ktqx1.l1 =     0.000082029358 ;
ktqx2.l1 =     0.000401934578 ;
kqx.r1 =     0.008131245269 ;
ktqx1.r1 =    -0.000082029358 ;
ktqx2.r1 =    -0.000401934578 ;
kq4.r1b2 =     0.004592835623 ;
kq5.r1b2 =    -0.006859553931 ;
kq6.r1b2 =     0.005440061196 ;
kq7.r1b2 =    -0.002577491898 ;
kq8.r1b2 =     0.004592388243 ;
kq9.r1b2 =    -0.006902010324 ;
kq10.r1b2 =     0.007461190561 ;
kqtl11.r1b2 =    -0.004903928871 ;
kqt12.r1b2 =    -0.002120323749 ;
kqt13.r1b2 =     0.000729351733 ;

acbxh1.l1 :=    -0.000024221203 *on_sep1 ;
acbxh1.r1 :=    -0.000024221203 *on_sep1 ;
acbxh2.l1 :=     0.000000000000 *on_sep1 ;
acbxh2.r1 :=     0.000000000000 *on_sep1 ;

acbyhs4.l1b1 :=     0.000001875414 *on_sep1 ;
acbch6.l1b1 :=    -0.000013878516 *on_sep1 ;
acbyhs4.r1b1 :=    -0.000162986722 *on_sep1 ;
acbch5.r1b1 :=     0.000099155726 *on_sep1 ;

acbyhs4.l1b2 :=     0.000145062028 *on_sep1 ;
acbch5.l1b2 :=    -0.000088388165 *on_sep1 ;
acbyhs4.r1b2 :=    -0.000003232316 *on_sep1 ;
acbch6.r1b2 :=     0.000014572010 *on_sep1 ;

return;

muxip1b1 =     2.519355126348 ;
muyip1b1 =     2.621063577932 ;

muxip1b2 =     2.520172139514 ;
muyip1b2 =     2.621939883409 ;
