beta.ip1 =    25.000000000000 ;

kqt13.l1b1 =    -0.001490288443 ;
kqt12.l1b1 =    -0.001358825884 ;
kqtl11.l1b1 =    -0.004381525960 ;
kq10.l1b1 =     0.007433499110 ;
kq9.l1b1 =    -0.007027653554 ;
kq8.l1b1 =     0.005449190604 ;
kq7.l1b1 =    -0.002905803917 ;
kq6.l1b1 =     0.005027951636 ;
kq5.l1b1 =    -0.006698286162 ;
kq4.l1b1 =     0.005216523209 ;
kqx.l1 =    -0.008222291841 ;
ktqx1.l1 =     0.000065658963 ;
ktqx2.l1 =     0.000321721497 ;
kqx.r1 =     0.008222291841 ;
ktqx1.r1 =    -0.000065658963 ;
ktqx2.r1 =    -0.000321721497 ;
kq4.r1b1 =    -0.003787135852 ;
kq5.r1b1 =     0.006311490969 ;
kq6.r1b1 =    -0.005840738062 ;
kq7.r1b1 =     0.003266006302 ;
kq8.r1b1 =    -0.004302587643 ;
kq9.r1b1 =     0.006562447307 ;
kq10.r1b1 =    -0.007538180886 ;
kqtl11.r1b1 =     0.000572742748 ;
kqt12.r1b1 =    -0.002199016454 ;
kqt13.r1b1 =    -0.002070082191 ;
kqt13.l1b2 =    -0.003140459582 ;
kqt12.l1b2 =    -0.001346859405 ;
kqtl11.l1b2 =     0.000457430993 ;
kq10.l1b2 =    -0.007422777390 ;
kq9.l1b2 =     0.006505038713 ;
kq8.l1b2 =    -0.004311672084 ;
kq7.l1b2 =     0.003172474108 ;
kq6.l1b2 =    -0.005799530247 ;
kq5.l1b2 =     0.006363521741 ;
kq4.l1b2 =    -0.003768720277 ;
kqx.l1 =    -0.008222291841 ;
ktqx1.l1 =     0.000065658963 ;
ktqx2.l1 =     0.000321721497 ;
kqx.r1 =     0.008222291841 ;
ktqx1.r1 =    -0.000065658963 ;
ktqx2.r1 =    -0.000321721497 ;
kq4.r1b2 =     0.005147074837 ;
kq5.r1b2 =    -0.006815124490 ;
kq6.r1b2 =     0.005142035611 ;
kq7.r1b2 =    -0.002863262667 ;
kq8.r1b2 =     0.005365531513 ;
kq9.r1b2 =    -0.007009151866 ;
kq10.r1b2 =     0.007489102360 ;
kqtl11.r1b2 =    -0.004759972791 ;
kqt12.r1b2 =    -0.001565406491 ;
kqt13.r1b2 =     0.000259726294 ;

acbxh1.l1 :=    -0.000026532998 *on_sep1 ;
acbxh1.r1 :=    -0.000026532998 *on_sep1 ;
acbxh2.l1 :=     0.000000000000 *on_sep1 ;
acbxh2.r1 :=     0.000000000000 *on_sep1 ;

acbyhs4.l1b1 :=    -0.000004603285 *on_sep1 ;
acbch6.l1b1 :=    -0.000010534410 *on_sep1 ;
acbyhs4.r1b1 :=    -0.000158715185 *on_sep1 ;
acbch5.r1b1 :=     0.000093243491 *on_sep1 ;

acbyhs4.l1b2 :=     0.000141714090 *on_sep1 ;
acbch5.l1b2 :=    -0.000083161321 *on_sep1 ;
acbyhs4.r1b2 :=     0.000003594156 *on_sep1 ;
acbch6.r1b2 :=     0.000011088882 *on_sep1 ;

return;

muxip1b1 =     2.542034886297 ;
muyip1b1 =     2.626638604020 ;

muxip1b2 =     2.542688914115 ;
muyip1b2 =     2.627340203361 ;
