beta.ip1 =    36.000000000000 ;

kqt13.l1b1 =     0.000040603409 ;
kqt12.l1b1 =    -0.002536952261 ;
kqtl11.l1b1 =    -0.004646327068 ;
kq10.l1b1 =     0.007391555626 ;
kq9.l1b1 =    -0.006849396572 ;
kq8.l1b1 =     0.004055241562 ;
kq7.l1b1 =    -0.002299793145 ;
kq6.l1b1 =     0.005508697261 ;
kq5.l1b1 =    -0.006772595999 ;
kq4.l1b1 =     0.004170265585 ;
kqx.l1 =    -0.008042418627 ;
ktqx1.l1 =     0.000098000603 ;
ktqx2.l1 =     0.000480191875 ;
kqx.r1 =     0.008042418627 ;
ktqx1.r1 =    -0.000098000603 ;
ktqx2.r1 =    -0.000480191875 ;
kq4.r1b1 =    -0.002994535302 ;
kq5.r1b1 =     0.006304246404 ;
kq6.r1b1 =    -0.006006633063 ;
kq7.r1b1 =     0.002706680719 ;
kq8.r1b1 =    -0.003186228864 ;
kq9.r1b1 =     0.006491625526 ;
kq10.r1b1 =    -0.007602555005 ;
kqtl11.r1b1 =     0.000694506005 ;
kqt12.r1b1 =    -0.003156827335 ;
kqt13.r1b1 =    -0.001804044635 ;
kqt13.l1b2 =    -0.002682827080 ;
kqt12.l1b2 =    -0.002622588233 ;
kqtl11.l1b2 =     0.000593833090 ;
kq10.l1b2 =    -0.007523139897 ;
kq9.l1b2 =     0.006458589537 ;
kq8.l1b2 =    -0.003283627180 ;
kq7.l1b2 =     0.002648850536 ;
kq6.l1b2 =    -0.005953509140 ;
kq5.l1b2 =     0.006332561292 ;
kq4.l1b2 =    -0.002991923063 ;
kqx.l1 =    -0.008042418627 ;
ktqx1.l1 =     0.000098000603 ;
ktqx2.l1 =     0.000480191875 ;
kqx.r1 =     0.008042418627 ;
ktqx1.r1 =    -0.000098000603 ;
ktqx2.r1 =    -0.000480191875 ;
kq4.r1b2 =     0.004032316635 ;
kq5.r1b2 =    -0.006818734722 ;
kq6.r1b2 =     0.005620893617 ;
kq7.r1b2 =    -0.002298684685 ;
kq8.r1b2 =     0.003907718743 ;
kq9.r1b2 =    -0.006824616720 ;
kq10.r1b2 =     0.007433736179 ;
kqtl11.r1b2 =    -0.004871745304 ;
kqt12.r1b2 =    -0.002770107804 ;
kqt13.r1b2 =     0.001187492679 ;

acbxh1.l1 :=    -0.000022110832 *on_sep1 ;
acbxh1.r1 :=    -0.000022110832 *on_sep1 ;
acbxh2.l1 :=     0.000000000000 *on_sep1 ;
acbxh2.r1 :=     0.000000000000 *on_sep1 ;

acbyhs4.l1b1 :=     0.000009148026 *on_sep1 ;
acbch6.l1b1 :=    -0.000017209677 *on_sep1 ;
acbyhs4.r1b1 :=    -0.000168252026 *on_sep1 ;
acbch5.r1b1 :=     0.000104442266 *on_sep1 ;

acbyhs4.l1b2 :=     0.000149166282 *on_sep1 ;
acbch5.l1b2 :=    -0.000093118551 *on_sep1 ;
acbyhs4.r1b2 :=    -0.000011019306 *on_sep1 ;
acbch6.r1b2 :=     0.000018043488 *on_sep1 ;

return;

muxip1b1 =     2.497229412826 ;
muyip1b1 =     2.615626282162 ;

muxip1b2 =     2.498204376979 ;
muyip1b2 =     2.616671235985 ;
