beta.ip1 =    40.000000000000 ;

kqt13.l1b1 =     0.000459845123 ;
kqt12.l1b1 =    -0.002905473834 ;
kqtl11.l1b1 =    -0.004665070204 ;
kq10.l1b1 =     0.007379272501 ;
kq9.l1b1 =    -0.006805839084 ;
kq8.l1b1 =     0.003687406305 ;
kq7.l1b1 =    -0.002134299488 ;
kq6.l1b1 =     0.005592023456 ;
kq5.l1b1 =    -0.006739164480 ;
kq4.l1b1 =     0.003828448370 ;
kqx.l1 =    -0.007993148978 ;
ktqx1.l1 =     0.000106859405 ;
ktqx2.l1 =     0.000523599004 ;
kqx.r1 =     0.007993148978 ;
ktqx1.r1 =    -0.000106859405 ;
ktqx2.r1 =    -0.000523599004 ;
kq4.r1b1 =    -0.002800218292 ;
kq5.r1b1 =     0.006291058547 ;
kq6.r1b1 =    -0.005990944856 ;
kq7.r1b1 =     0.002477616366 ;
kq8.r1b1 =    -0.002894795100 ;
kq9.r1b1 =     0.006462178577 ;
kq10.r1b1 =    -0.007617613809 ;
kqtl11.r1b1 =     0.000720966973 ;
kqt12.r1b1 =    -0.003419078371 ;
kqt13.r1b1 =    -0.001797263482 ;
kqt13.l1b2 =    -0.002558686684 ;
kqt12.l1b2 =    -0.002971958387 ;
kqtl11.l1b2 =     0.000626026704 ;
kq10.l1b2 =    -0.007550575375 ;
kq9.l1b2 =     0.006446693939 ;
kq8.l1b2 =    -0.003038094595 ;
kq7.l1b2 =     0.002464712544 ;
kq6.l1b2 =    -0.005950323983 ;
kq5.l1b2 =     0.006305633865 ;
kq4.l1b2 =    -0.002782955345 ;
kqx.l1 =    -0.007993148978 ;
ktqx1.l1 =     0.000106859405 ;
ktqx2.l1 =     0.000523599004 ;
kqx.r1 =     0.007993148978 ;
ktqx1.r1 =    -0.000106859405 ;
ktqx2.r1 =    -0.000523599004 ;
kq4.r1b2 =     0.003619607992 ;
kq5.r1b2 =    -0.006760037737 ;
kq6.r1b2 =     0.005722635514 ;
kq7.r1b2 =    -0.002144047133 ;
kq8.r1b2 =     0.003475319828 ;
kq9.r1b2 =    -0.006768808034 ;
kq10.r1b2 =     0.007415880413 ;
kqtl11.r1b2 =    -0.004844127582 ;
kqt12.r1b2 =    -0.003182564500 ;
kqt13.r1b2 =     0.001441427696 ;

acbxh1.l1 :=    -0.000020976177 *on_sep1 ;
acbxh1.r1 :=    -0.000020976177 *on_sep1 ;
acbxh2.l1 :=     0.000000000000 *on_sep1 ;
acbxh2.r1 :=     0.000000000000 *on_sep1 ;

acbyhs4.l1b1 :=     0.000013840989 *on_sep1 ;
acbch6.l1b1 :=    -0.000019044925 *on_sep1 ;
acbyhs4.r1b1 :=    -0.000170671779 *on_sep1 ;
acbch5.r1b1 :=     0.000107400189 *on_sep1 ;

acbyhs4.l1b2 :=     0.000150892487 *on_sep1 ;
acbch5.l1b2 :=    -0.000095742335 *on_sep1 ;
acbyhs4.r1b2 :=    -0.000016241514 *on_sep1 ;
acbch6.r1b2 :=     0.000019945083 *on_sep1 ;

return;

muxip1b1 =     2.484956593691 ;
muyip1b1 =     2.612609425939 ;

muxip1b2 =     2.486019474767 ;
muyip1b2 =     2.613748864831 ;
