beta.ip1 =    54.000000000000 ;

kqt13.l1b1 =     0.001550729515 ;
kqt12.l1b1 =    -0.004074720372 ;
kqtl11.l1b1 =    -0.004784675724 ;
kq10.l1b1 =     0.007332702993 ;
kq9.l1b1 =    -0.006588715042 ;
kq8.l1b1 =     0.002380522057 ;
kq7.l1b1 =    -0.001707226919 ;
kq6.l1b1 =     0.005853107326 ;
kq5.l1b1 =    -0.006451492086 ;
kq4.l1b1 =     0.002324354742 ;
kqx.l1 =    -0.007864965536 ;
ktqx1.l1 =     0.000129907099 ;
ktqx2.l1 =     0.000636530096 ;
kqx.r1 =     0.007864965536 ;
ktqx1.r1 =    -0.000129907099 ;
ktqx2.r1 =    -0.000636530096 ;
kq4.r1b1 =    -0.002052220052 ;
kq5.r1b1 =     0.006144347396 ;
kq6.r1b1 =    -0.005937272171 ;
kq7.r1b1 =     0.001886822062 ;
kq8.r1b1 =    -0.002061849167 ;
kq9.r1b1 =     0.006396019052 ;
kq10.r1b1 =    -0.007644741279 ;
kqtl11.r1b1 =     0.000795151101 ;
kqt12.r1b1 =    -0.004101156000 ;
kqt13.r1b1 =    -0.001570977106 ;

kqt13.l1b2 =    -0.002238995232 ;
kqt12.l1b2 =    -0.003880620519 ;
kqtl11.l1b2 =     0.000707271951 ;
kq10.l1b2 =    -0.007621838851 ;
kq9.l1b2 =     0.006405701889 ;
kq8.l1b2 =    -0.002357027758 ;
kq7.l1b2 =     0.001911258671 ;
kq6.l1b2 =    -0.005891407100 ;
kq5.l1b2 =     0.006146820398 ;
kq4.l1b2 =    -0.002050991956 ;
kqx.l1 =    -0.007864965536 ;
ktqx1.l1 =     0.000129907099 ;
ktqx2.l1 =     0.000636530096 ;
kqx.r1 =     0.007864965536 ;
ktqx1.r1 =    -0.000129907099 ;
ktqx2.r1 =    -0.000636530096 ;
kq4.r1b2 =     0.002227302805 ;
kq5.r1b2 =    -0.006452390513 ;
kq6.r1b2 =     0.005921586869 ;
kq7.r1b2 =    -0.001741766690 ;
kq8.r1b2 =     0.002281970733 ;
kq9.r1b2 =    -0.006591735590 ;
kq10.r1b2 =     0.007367144507 ;
kqtl11.r1b2 =    -0.004797767777 ;
kqt12.r1b2 =    -0.004299851927 ;
kqt13.r1b2 =     0.002101451655 ;

acbxh1.l1 :=    -0.000018053419 *on_sep1 ;
acbxh1.r1 :=    -0.000018053419 *on_sep1 ;
acbxh2.l1 :=     0.000000000000 *on_sep1 ;
acbxh2.r1 :=     0.000000000000 *on_sep1 ;

acbyhs4.l1b1 :=     0.000030871948 *on_sep1 ;
acbch6.l1b1 :=    -0.000023660259 *on_sep1 ;
acbyhs4.r1b1 :=    -0.000174790601 *on_sep1 ;
acbch5.r1b1 :=     0.000115536666 *on_sep1 ;

acbyhs4.l1b2 :=     0.000153496461 *on_sep1 ;
acbch5.l1b2 :=    -0.000102779122 *on_sep1 ;
acbyhs4.r1b2 :=    -0.000033074735 *on_sep1 ;
acbch6.r1b2 :=     0.000024734091 *on_sep1 ;

return;

muxip1b1 =     2.453024421853 ;
muyip1b1 =     2.604758427242 ;

muxip1b2 =     2.454318361691 ;
muyip1b2 =     2.606145815362 ;
