beta.ip1 =    12.600000000000 ;

kqt13.l1b1 =    -0.004166321002 ;
kqt12.l1b1 =    -0.000551660224 ;
kqtl11.l1b1 =    -0.002239967711 ;
kq10.l1b1 =     0.007360645166 ;
kq9.l1b1 =    -0.006679874810 ;
kq8.l1b1 =     0.006983077265 ;
kq7.l1b1 =    -0.003942868908 ;
kq6.l1b1 =     0.004806668693 ;
kq5.l1b1 =    -0.005927599925 ;
kq4.l1b1 =     0.005515945950 ;
kqx.l1 =    -0.008536573899 ;
ktqx1.l1 =     0.000009150288 ;
ktqx2.l1 =     0.000044835376 ;
kqx.r1 =     0.008536573899 ;
ktqx1.r1 =    -0.000009150288 ;
ktqx2.r1 =    -0.000044835376 ;
kq4.r1b1 =    -0.005326972114 ;
kq5.r1b1 =     0.005949878155 ;
kq6.r1b1 =    -0.004929796448 ;
kq7.r1b1 =     0.003852979125 ;
kq8.r1b1 =    -0.006749909151 ;
kq9.r1b1 =     0.006630995794 ;
kq10.r1b1 =    -0.007358025421 ;
kqtl11.r1b1 =     0.000291283645 ;
kqt12.r1b1 =    -0.000524777237 ;
kqt13.r1b1 =    -0.003030429364 ;

kqt13.l1b2 =    -0.003946992468 ;
kqt12.l1b2 =     0.000882848858 ;
kqtl11.l1b2 =     0.000169838337 ;
kq10.l1b2 =    -0.007246949735 ;
kq9.l1b2 =     0.006607809346 ;
kq8.l1b2 =    -0.006659921990 ;
kq7.l1b2 =     0.003871677867 ;
kq6.l1b2 =    -0.005000537931 ;
kq5.l1b2 =     0.006010646316 ;
kq4.l1b2 =    -0.005122982418 ;
kqx.l1 =    -0.008536573899 ;
ktqx1.l1 =     0.000009150288 ;
ktqx2.l1 =     0.000044835376 ;
kqx.r1 =     0.008536573899 ;
ktqx1.r1 =    -0.000009150288 ;
ktqx2.r1 =    -0.000044835376 ;
kq4.r1b2 =     0.005421250154 ;
kq5.r1b2 =    -0.006074064793 ;
kq6.r1b2 =     0.004859416397 ;
kq7.r1b2 =    -0.003849478715 ;
kq8.r1b2 =     0.006906399992 ;
kq9.r1b2 =    -0.006928409826 ;
kq10.r1b2 =     0.007467662489 ;
kqtl11.r1b2 =    -0.002968366311 ;
kqt12.r1b2 =    -0.001049120518 ;
kqt13.r1b2 =    -0.001362696250 ;

acbxh1.l1 :=    -0.000037374127 *on_sep1 ;
acbxh1.r1 :=    -0.000037374127 *on_sep1 ;
acbxh2.l1 :=     0.000000000000 *on_sep1 ;
acbxh2.r1 :=     0.000000000000 *on_sep1 ;

acbyhs4.l1b1 :=    -0.000016131405 *on_sep1 ;
acbch6.l1b1 :=    -0.000001726418 *on_sep1 ;
acbyhs4.r1b1 :=    -0.000130004628 *on_sep1 ;
acbch5.r1b1 :=     0.000067607977 *on_sep1 ;

acbyhs4.l1b2 :=     0.000117020072 *on_sep1 ;
acbch5.l1b2 :=    -0.000060097767 *on_sep1 ;
acbyhs4.r1b2 :=     0.000015946322 *on_sep1 ;
acbch6.r1b2 :=     0.000001813877 *on_sep1 ;

return;

muxip1b1 =     2.620323026039 ;
muyip1b1 =     2.645883697238 ;

muxip1b2 =     2.620414171844 ;
muyip1b2 =     2.645981472703 ;
