beta.ip5 =    46.000000000000 ;

kqt13.l5b1 =     0.000988751966 ;
kqt12.l5b1 =    -0.003452546209 ;
kqtl11.l5b1 =    -0.004694279075 ;
kq10.l5b1 =     0.007358544287 ;
kq9.l5b1 =    -0.006721295168 ;
kq8.l5b1 =     0.003111458875 ;
kq7.l5b1 =    -0.001926610302 ;
kq6.l5b1 =     0.005719785614 ;
kq5.l5b1 =    -0.006642497829 ;
kq4.l5b1 =     0.003214633592 ;
kqx.l5 =    -0.007930987352 ;
ktqx1.l5 =     0.000118036216 ;
ktqx2.l5 =     0.000578364114 ;
kqx.r5 =     0.007930987352 ;
ktqx1.r5 =    -0.000118036216 ;
ktqx2.r5 =    -0.000578364114 ;
kq4.r5b1 =    -0.002486262705 ;
kq5.r5b1 =     0.006240828592 ;
kq6.r5b1 =    -0.005970806543 ;
kq7.r5b1 =     0.002203693919 ;
kq8.r5b1 =    -0.002527109560 ;
kq9.r5b1 =     0.006434141578 ;
kq10.r5b1 =    -0.007636820408 ;
kqtl11.r5b1 =     0.000756071444 ;
kqt12.r5b1 =    -0.003749807604 ;
kqt13.r5b1 =    -0.001700278702 ;

kqt13.l5b2 =    -0.002403378854 ;
kqt12.l5b2 =    -0.003412672600 ;
kqtl11.l5b2 =     0.000666678873 ;
kq10.l5b2 =    -0.007585142522 ;
kq9.l5b2 =     0.006428335871 ;
kq8.l5b2 =    -0.002710622735 ;
kq7.l5b2 =     0.002217875091 ;
kq6.l5b2 =    -0.005938287785 ;
kq5.l5b2 =     0.006243171817 ;
kq4.l5b2 =    -0.002451913228 ;
kqx.l5 =    -0.007930987352 ;
ktqx1.l5 =     0.000118036216 ;
ktqx2.l5 =     0.000578364114 ;
kqx.r5 =     0.007930987352 ;
ktqx1.r5 =    -0.000118036216 ;
ktqx2.r5 =    -0.000578364114 ;
kq4.r5b2 =     0.002982092919 ;
kq5.r5b2 =    -0.006638247487 ;
kq6.r5b2 =     0.005840558319 ;
kq7.r5b2 =    -0.001948958814 ;
kq8.r5b2 =     0.002882790458 ;
kq9.r5b2 =    -0.006683238881 ;
kq10.r5b2 =     0.007391344235 ;
kqtl11.r5b2 =    -0.004811370445 ;
kqt12.r5b2 =    -0.003739307851 ;
kqt13.r5b2 =     0.001761573400 ;

acbxv1.l5 :=     0.000019560386 *on_sep5 ;
acbxv1.r5 :=     0.000019560386 *on_sep5 ;
acbxv2.l5 :=     0.000000000000 *on_sep5 ;
acbxv2.r5 :=     0.000000000000 *on_sep5 ;

acbyvs4.l5b1 :=     0.000178649255 *on_sep5 ;
acbcv5.l5b1 :=    -0.000110365560 *on_sep5 ;
acbyvs4.r5b1 :=    -0.000024798205 *on_sep5 ;
acbcv6.r5b1 :=     0.000021618553 *on_sep5 ;

acbyvs4.l5b2 :=     0.000026474580 *on_sep5 ;
acbcv6.l5b2 :=    -0.000022564818 *on_sep5 ;
acbyvs4.r5b2 :=    -0.000156635896 *on_sep5 ;
acbcv5.r5b2 :=     0.000099060873 *on_sep5 ;

return;

muxip5b1 =     2.469471557616 ;
muyip5b1 =     2.608802017252 ;

muxip5b2 =     2.470646251129 ;
muyip5b2 =     2.610061821478 ;
