beta.ip5 =    19.200000000000 ;

kqt13.l5b1 =    -0.002594747416 ;
kqt12.l5b1 =    -0.000889996083 ;
kqtl11.l5b1 =    -0.003761567827 ;
kq10.l5b1 =     0.007439896764 ;
kq9.l5b1 =    -0.007099932382 ;
kq8.l5b1 =     0.006330402032 ;
kq7.l5b1 =    -0.003339127601 ;
kq6.l5b1 =     0.004630647569 ;
kq5.l5b1 =    -0.006419525262 ;
kq4.l5b1 =     0.005670880930 ;
kqx.l5 =    -0.008352036360 ;
ktqx1.l5 =     0.000042330585 ;
ktqx2.l5 =     0.000207415078 ;
kqx.r5 =     0.008352036360 ;
ktqx1.r5 =    -0.000042330585 ;
ktqx2.r5 =    -0.000207415078 ;
kq4.r5b1 =    -0.004635903980 ;
kq5.r5b1 =     0.006262005243 ;
kq6.r5b1 =    -0.005388957272 ;
kq7.r5b1 =     0.003472273652 ;
kq8.r5b1 =    -0.005363095101 ;
kq9.r5b1 =     0.006608164747 ;
kq10.r5b1 =    -0.007469115535 ;
kqtl11.r5b1 =     0.000451660418 ;
kqt12.r5b1 =    -0.001507895664 ;
kqt13.r5b1 =    -0.002372187971 ;
beta.ip5 =    19.200000000000 ;
kqt13.l5b2 =    -0.003472448587 ;
kqt12.l5b2 =    -0.000426337722 ;
kqtl11.l5b2 =     0.000332867217 ;
kq10.l5b2 =    -0.007350226657 ;
kq9.l5b2 =     0.006554266788 ;
kq8.l5b2 =    -0.005338690361 ;
kq7.l5b2 =     0.003400362422 ;
kq6.l5b2 =    -0.005391333686 ;
kq5.l5b2 =     0.006319435631 ;
kq4.l5b2 =    -0.004556639987 ;
kqx.l5 =    -0.008352036360 ;
ktqx1.l5 =     0.000042330585 ;
ktqx2.l5 =     0.000207415078 ;
kqx.r5 =     0.008352036360 ;
ktqx1.r5 =    -0.000042330585 ;
ktqx2.r5 =    -0.000207415078 ;
kq4.r5b2 =     0.005625948738 ;
kq5.r5b2 =    -0.006581959546 ;
kq6.r5b2 =     0.004742216078 ;
kq7.r5b2 =    -0.003270451776 ;
kq8.r5b2 =     0.006271606394 ;
kq9.r5b2 =    -0.007120785626 ;
kq10.r5b2 =     0.007508117081 ;
kqtl11.r5b2 =    -0.004201568025 ;
kqt12.r5b2 =    -0.001175383908 ;
kqt13.r5b2 =    -0.000409719723 ;

acbxv1.l5 :=     0.000030276504 *on_sep5 ;
acbxv1.r5 :=     0.000030276504 *on_sep5 ;
acbxv2.l5 :=     0.000000000000 *on_sep5 ;
acbxv2.r5 :=     0.000000000000 *on_sep5 ;

acbyvs4.l5b1 :=     0.000156939977 *on_sep5 ;
acbcv5.l5b1 :=    -0.000083034986 *on_sep5 ;
acbyvs4.r5b1 :=     0.000009476152 *on_sep5 ;
acbcv6.r5b1 :=     0.000006126736 *on_sep5 ;

acbyvs4.l5b2 :=    -0.000008891395 *on_sep5 ;
acbcv6.l5b2 :=    -0.000006424528 *on_sep5 ;
acbyvs4.r5b2 :=    -0.000141928004 *on_sep5 ;
acbcv5.r5b2 :=     0.000074255029 *on_sep5 ;

return;

muxip5b1 =     2.574354443679 ;
muyip5b1 =     2.634583522582 ;

muxip5b2 =     2.574776097889 ;
muyip5b2 =     2.635035846355 ;
