beta.ip5 =    22.000000000000 ;

kqt13.l5b1 =    -0.002031410168 ;
kqt12.l5b1 =    -0.001081271510 ;
kqtl11.l5b1 =    -0.004118451207 ;
kq10.l5b1 =     0.007441418985 ;
kq9.l5b1 =    -0.007083352815 ;
kq8.l5b1 =     0.005925877128 ;
kq7.l5b1 =    -0.003118810155 ;
kq6.l5b1 =     0.004802428310 ;
kq5.l5b1 =    -0.006580924561 ;
kq4.l5b1 =     0.005498331319 ;
kqx.l5 =    -0.008285864856 ;
ktqx1.l5 =     0.000054228381 ;
ktqx2.l5 =     0.000265712937 ;
kqx.r5 =     0.008285864856 ;
ktqx1.r5 =    -0.000054228381 ;
ktqx2.r5 =    -0.000265712937 ;
kq4.r5b1 =    -0.004225411743 ;
kq5.r5b1 =     0.006306262359 ;
kq6.r5b1 =    -0.005635389315 ;
kq7.r5b1 =     0.003370678979 ;
kq8.r5b1 =    -0.004824112548 ;
kq9.r5b1 =     0.006587648089 ;
kq10.r5b1 =    -0.007505835018 ;
kqtl11.r5b1 =     0.000513471737 ;
kqt12.r5b1 =    -0.001860388576 ;
kqt13.r5b1 =    -0.002203438527 ;

kqt13.l5b2 =    -0.003302923256 ;
kqt12.l5b2 =    -0.000895830056 ;
kqtl11.l5b2 =     0.000395561517 ;
kq10.l5b2 =    -0.007387245810 ;
kq9.l5b2 =     0.006530237213 ;
kq8.l5b2 =    -0.004819988516 ;
kq7.l5b2 =     0.003279701467 ;
kq6.l5b2 =    -0.005606762255 ;
kq5.l5b2 =     0.006361741023 ;
kq4.l5b2 =    -0.004187269653 ;
kqx.l5 =    -0.008285864856 ;
ktqx1.l5 =     0.000054228381 ;
ktqx2.l5 =     0.000265712937 ;
kqx.r5 =     0.008285864856 ;
ktqx1.r5 =    -0.000054228381 ;
ktqx2.r5 =    -0.000265712937 ;
kq4.r5b2 =     0.005449141647 ;
kq5.r5b2 =    -0.006719859388 ;
kq6.r5b2 =     0.004911999071 ;
kq7.r5b2 =    -0.003062787264 ;
kq8.r5b2 =     0.005863281209 ;
kq9.r5b2 =    -0.007079602982 ;
kq10.r5b2 =     0.007502826629 ;
kqtl11.r5b2 =    -0.004522364596 ;
kqt12.r5b2 =    -0.001317394047 ;
kqt13.r5b2 =    -0.000068236941 ;

acbxv1.l5 :=     0.000028284271 *on_sep5 ;
acbxv1.r5 :=     0.000028284271 *on_sep5 ;
acbxv2.l5 :=     0.000000000000 *on_sep5 ;
acbxv2.r5 :=     0.000000000000 *on_sep5 ;

acbyvs4.l5b1 :=     0.000163115725 *on_sep5 ;
acbcv5.l5b1 :=    -0.000087625226 *on_sep5 ;
acbyvs4.r5b1 :=     0.000005428409 *on_sep5 ;
acbcv6.r5b1 :=     0.000008346398 *on_sep5 ;

acbyvs4.l5b2 :=    -0.000004731817 *on_sep5 ;
acbcv6.l5b2 :=    -0.000008729890 *on_sep5 ;
acbyvs4.r5b2 :=    -0.000147200469 *on_sep5 ;
acbcv5.r5b2 :=     0.000078517061 *on_sep5 ;

return;

muxip5b1 =     2.557871021348 ;
muyip5b1 =     2.630531503970 ;

muxip5b2 =     2.558411189319 ;
muyip5b2 =     2.631110961738 ;
