beta.ip5 =    54.000000000000 ;

kqt13.l5b1 =     0.001550729515 ;
kqt12.l5b1 =    -0.004074720372 ;
kqtl11.l5b1 =    -0.004784675724 ;
kq10.l5b1 =     0.007332702993 ;
kq9.l5b1 =    -0.006588715042 ;
kq8.l5b1 =     0.002380522057 ;
kq7.l5b1 =    -0.001707226919 ;
kq6.l5b1 =     0.005853107326 ;
kq5.l5b1 =    -0.006451492086 ;
kq4.l5b1 =     0.002324354742 ;
kqx.l5 =    -0.007864965536 ;
ktqx1.l5 =     0.000129907099 ;
ktqx2.l5 =     0.000636530096 ;
kqx.r5 =     0.007864965536 ;
ktqx1.r5 =    -0.000129907099 ;
ktqx2.r5 =    -0.000636530096 ;
kq4.r5b1 =    -0.002052220052 ;
kq5.r5b1 =     0.006144347396 ;
kq6.r5b1 =    -0.005937272171 ;
kq7.r5b1 =     0.001886822062 ;
kq8.r5b1 =    -0.002061849167 ;
kq9.r5b1 =     0.006396019052 ;
kq10.r5b1 =    -0.007644741279 ;
kqtl11.r5b1 =     0.000795151101 ;
kqt12.r5b1 =    -0.004101156000 ;
kqt13.r5b1 =    -0.001570977106 ;

kqt13.l5b2 =    -0.002238995232 ;
kqt12.l5b2 =    -0.003880620519 ;
kqtl11.l5b2 =     0.000707271951 ;
kq10.l5b2 =    -0.007621838851 ;
kq9.l5b2 =     0.006405701889 ;
kq8.l5b2 =    -0.002357027758 ;
kq7.l5b2 =     0.001911258671 ;
kq6.l5b2 =    -0.005891407100 ;
kq5.l5b2 =     0.006146820398 ;
kq4.l5b2 =    -0.002050991956 ;
kqx.l5 =    -0.007864965536 ;
ktqx1.l5 =     0.000129907099 ;
ktqx2.l5 =     0.000636530096 ;
kqx.r5 =     0.007864965536 ;
ktqx1.r5 =    -0.000129907099 ;
ktqx2.r5 =    -0.000636530096 ;
kq4.r5b2 =     0.002227302805 ;
kq5.r5b2 =    -0.006452390513 ;
kq6.r5b2 =     0.005921586869 ;
kq7.r5b2 =    -0.001741766690 ;
kq8.r5b2 =     0.002281970733 ;
kq9.r5b2 =    -0.006591735590 ;
kq10.r5b2 =     0.007367144507 ;
kqtl11.r5b2 =    -0.004797767777 ;
kqt12.r5b2 =    -0.004299851927 ;
kqt13.r5b2 =     0.002101451655 ;

acbxv1.l5 :=     0.000018053419 *on_sep5 ;
acbxv1.r5 :=     0.000018053419 *on_sep5 ;
acbxv2.l5 :=     0.000000000000 *on_sep5 ;
acbxv2.r5 :=     0.000000000000 *on_sep5 ;

acbyvs4.l5b1 :=     0.000176959046 *on_sep5 ;
acbcv5.l5b1 :=    -0.000115195053 *on_sep5 ;
acbyvs4.r5b1 :=    -0.000032142001 *on_sep5 ;
acbcv6.r5b1 :=     0.000023991955 *on_sep5 ;

acbyvs4.l5b2 :=     0.000033793582 *on_sep5 ;
acbcv6.l5b2 :=    -0.000025058994 *on_sep5 ;
acbyvs4.r5b2 :=    -0.000154934251 *on_sep5 ;
acbcv5.r5b2 :=     0.000103007756 *on_sep5 ;

return;

muxip5b1 =     2.453024421853 ;
muyip5b1 =     2.604758427242 ;

muxip5b2 =     2.454318361691 ;
muyip5b2 =     2.606145815362 ;
