beta.ip5 =    51.000000000000 ;

kqt13.l5b1 =     0.001356434339 ;
kqt12.l5b1 =    -0.003867324635 ;
kqtl11.l5b1 =    -0.004773152769 ;
kq10.l5b1 =     0.007340847366 ;
kq9.l5b1 =    -0.006626703169 ;
kq8.l5b1 =     0.002602263462 ;
kq7.l5b1 =    -0.001782587371 ;
kq6.l5b1 =     0.005823082102 ;
kq5.l5b1 =    -0.006523112916 ;
kq4.l5b1 =     0.002615475265 ;
kqx.l5 =    -0.007887808418 ;
ktqx1.l5 =     0.000125799893 ;
ktqx2.l5 =     0.000616405253 ;
kqx.r5 =     0.007887808418 ;
ktqx1.r5 =    -0.000125799893 ;
ktqx2.r5 =    -0.000616405253 ;
kq4.r5b1 =    -0.002216960824 ;
kq5.r5b1 =     0.006186038506 ;
kq6.r5b1 =    -0.005954992298 ;
kq7.r5b1 =     0.001999292282 ;
kq8.r5b1 =    -0.002199585147 ;
kq9.r5b1 =     0.006407443492 ;
kq10.r5b1 =    -0.007632540590 ;
kqtl11.r5b1 =     0.000781667348 ;
kqt12.r5b1 =    -0.003979745905 ;
kqt13.r5b1 =    -0.001605561583 ;

kqt13.l5b2 =    -0.002296142451 ;
kqt12.l5b2 =    -0.003718716875 ;
kqtl11.l5b2 =     0.000694994460 ;
kq10.l5b2 =    -0.007609127221 ;
kq9.l5b2 =     0.006412771549 ;
kq8.l5b2 =    -0.002468306259 ;
kq7.l5b2 =     0.002034777568 ;
kq6.l5b2 =    -0.005922392034 ;
kq5.l5b2 =     0.006175823441 ;
kq4.l5b2 =    -0.002167417787 ;
kqx.l5 =    -0.007887808419 ;
ktqx1.l5 =     0.000125799893 ;
ktqx2.l5 =     0.000616405253 ;
kqx.r5 =     0.007887808419 ;
ktqx1.r5 =    -0.000125799893 ;
ktqx2.r5 =    -0.000616405253 ;
kq4.r5b2 =     0.002459221085 ;
kq5.r5b2 =    -0.006515894523 ;
kq6.r5b2 =     0.005908919732 ;
kq7.r5b2 =    -0.001813454257 ;
kq8.r5b2 =     0.002450203642 ;
kq9.r5b2 =    -0.006613234768 ;
kq10.r5b2 =     0.007373613544 ;
kqtl11.r5b2 =    -0.004800939043 ;
kqt12.r5b2 =    -0.004131252911 ;
kqt13.r5b2 =     0.001983801144 ;

acbxv1.l5 :=     0.000018576815 *on_sep5 ;
acbxv1.r5 :=     0.000018576815 *on_sep5 ;
acbxv2.l5 :=     0.000000000000 *on_sep5 ;
acbxv2.r5 :=     0.000000000000 *on_sep5 ;

acbyvs4.l5b1 :=     0.000177459143 *on_sep5 ;
acbcv5.l5b1 :=    -0.000113522918 *on_sep5 ;
acbyvs4.r5b1 :=    -0.000029493644 *on_sep5 ;
acbcv6.r5b1 :=     0.000023180690 *on_sep5 ;

acbyvs4.l5b2 :=     0.000031363797 *on_sep5 ;
acbcv6.l5b2 :=    -0.000024206428 *on_sep5 ;
acbyvs4.r5b2 :=    -0.000155322198 *on_sep5 ;
acbcv5.r5b2 :=     0.000101658295 *on_sep5 ;

return;

muxip5b1 =     2.458714606798 ;
muyip5b1 =     2.606157119713 ;

muxip5b2 =     2.459967646792 ;
muyip5b2 =     2.607500713991 ;
