beta.ip5 =    14.500000000000 ;

kqt13.l5b1 =    -0.003677930524 ;
kqt12.l5b1 =    -0.000660966910 ;
kqtl11.l5b1 =    -0.002801158242 ;
kq10.l5b1 =     0.007399741360 ;
kq9.l5b1 =    -0.006911550120 ;
kq8.l5b1 =     0.006858226119 ;
kq7.l5b1 =    -0.003757434629 ;
kq6.l5b1 =     0.004623340841 ;
kq5.l5b1 =    -0.006066022152 ;
kq4.l5b1 =     0.005671930253 ;
kqx.l5 =    -0.008479230034 ;
ktqx1.l5 =     0.000019460854 ;
ktqx2.l5 =     0.000095355983 ;
kqx.r5 =     0.008479230034 ;
ktqx1.r5 =    -0.000019460854 ;
ktqx2.r5 =    -0.000095355983 ;
kq4.r5b1 =    -0.005215644204 ;
kq5.r5b1 =     0.006068243005 ;
kq6.r5b1 =    -0.004963661566 ;
kq7.r5b1 =     0.003698509934 ;
kq8.r5b1 =    -0.006352905352 ;
kq9.r5b1 =     0.006630607612 ;
kq10.r5b1 =    -0.007393066408 ;
kqtl11.r5b1 =     0.000337812412 ;
kqt12.r5b1 =    -0.000830379186 ;
kqt13.r5b1 =    -0.002789403215 ;

kqt13.l5b2 =    -0.003799215233 ;
kqt12.l5b2 =     0.000476039079 ;
kqtl11.l5b2 =     0.000219440210 ;
kq10.l5b2 =    -0.007279039038 ;
kq9.l5b2 =     0.006592796781 ;
kq8.l5b2 =    -0.006264957820 ;
kq7.l5b2 =     0.003695179666 ;
kq6.l5b2 =    -0.005053700717 ;
kq5.l5b2 =     0.006130732121 ;
kq4.l5b2 =    -0.005020814833 ;
kqx.l5 =    -0.008479230034 ;
ktqx1.l5 =     0.000019460854 ;
ktqx2.l5 =     0.000095355983 ;
kqx.r5 =     0.008479230034 ;
ktqx1.r5 =    -0.000019460854 ;
ktqx2.r5 =    -0.000095355983 ;
kq4.r5b2 =     0.005601671124 ;
kq5.r5b2 =    -0.006251479366 ;
kq6.r5b2 =     0.004719811113 ;
kq7.r5b2 =    -0.003669568852 ;
kq8.r5b2 =     0.006782654599 ;
kq9.r5b2 =    -0.007056321871 ;
kq10.r5b2 =     0.007490402098 ;
kqtl11.r5b2 =    -0.003413073474 ;
kqt12.r5b2 =    -0.001076309341 ;
kqt13.r5b2 =    -0.001066482608 ;

acbxv1.l5 :=     0.000034839534 *on_sep5 ;
acbxv1.r5 :=     0.000034839534 *on_sep5 ;
acbxv2.l5 :=     0.000000000000 *on_sep5 ;
acbxv2.r5 :=     0.000000000000 *on_sep5 ;

acbyvs4.l5b1 :=     0.000140613555 *on_sep5 ;
acbcv5.l5b1 :=    -0.000072952428 *on_sep5 ;
acbyvs4.r5b1 :=     0.000014754018 *on_sep5 ;
acbcv6.r5b1 :=     0.000002680796 *on_sep5 ;

acbyvs4.l5b2 :=    -0.000014409452 *on_sep5 ;
acbcv6.l5b2 :=    -0.000002819764 *on_sep5 ;
acbyvs4.r5b2 :=    -0.000127326477 *on_sep5 ;
acbcv5.r5b2 :=     0.000064960604 *on_sep5 ;

return;

muxip5cur =     2.606038581747 ;
muyip5cur =     2.642372239910 ;
muxip5cur =     2.606232430935 ;
muyip5cur =     2.642580189005 ;
