beta.ip5 =    75.000000000000 ;

kqt13.l5b1 =     0.002534152746 ;
kqt12.l5b1 =    -0.004740944275 ;
kqtl11.l5b1 =    -0.005023368724 ;
kq10.l5b1 =     0.007316004815 ;
kq9.l5b1 =    -0.006495712786 ;
kq8.l5b1 =     0.001678200806 ;
kq7.l5b1 =    -0.001323861731 ;
kq6.l5b1 =     0.005842370950 ;
kq5.l5b1 =    -0.006061276596 ;
kq4.l5b1 =     0.001068539126 ;
kqx.l5 =    -0.007749338625 ;
ktqx1.l5 =     0.000150697098 ;
ktqx2.l5 =     0.000738398739 ;
kqx.r5 =     0.007749338625 ;
ktqx1.r5 =    -0.000150697098 ;
ktqx2.r5 =    -0.000738398739 ;
kq4.r5b1 =    -0.000954586226 ;
kq5.r5b1 =     0.005798462029 ;
kq6.r5b1 =    -0.005699261875 ;
kq7.r5b1 =     0.001066952028 ;
kq8.r5b1 =    -0.001146638559 ;
kq9.r5b1 =     0.006276719472 ;
kq10.r5b1 =    -0.007719859437 ;
kqtl11.r5b1 =     0.000865341610 ;
kqt12.r5b1 =    -0.004715499313 ;
kqt13.r5b1 =    -0.001647838985 ;

kqt13.l5b2 =    -0.001942796553 ;
kqt12.l5b2 =    -0.004699989395 ;
kqtl11.l5b2 =     0.000771370973 ;
kq10.l5b2 =    -0.007686350545 ;
kq9.l5b2 =     0.006352294462 ;
kq8.l5b2 =    -0.001666117298 ;
kq7.l5b2 =     0.001137220120 ;
kq6.l5b2 =    -0.005634306257 ;
kq5.l5b2 =     0.005903980463 ;
kq4.l5b2 =    -0.001272545619 ;
kqx.l5 =    -0.007749338625 ;
ktqx1.l5 =     0.000150697097 ;
ktqx2.l5 =     0.000738398739 ;
kqx.r5 =     0.007749338625 ;
ktqx1.r5 =    -0.000150697097 ;
ktqx2.r5 =    -0.000738398739 ;
kq4.r5b2 =     0.001100154468 ;
kq5.r5b2 =    -0.006084375100 ;
kq6.r5b2 =     0.005887866972 ;
kq7.r5b2 =    -0.001378886247 ;
kq8.r5b2 =     0.001690465071 ;
kq9.r5b2 =    -0.006536485355 ;
kq10.r5b2 =     0.007350977232 ;
kqtl11.r5b2 =    -0.005002750139 ;
kqt12.r5b2 =    -0.004839659583 ;
kqt13.r5b2 =     0.002697896652 ;

acbxv1.l5 :=     0.000015318834 *on_sep5 ;
acbxv1.r5 :=     0.000015318834 *on_sep5 ;
acbxv2.l5 :=     0.000000000000 *on_sep5 ;
acbxv2.r5 :=     0.000000000000 *on_sep5 ;

acbyvs4.l5b1 :=     0.000175725865 *on_sep5 ;
acbcv5.l5b1 :=    -0.000123857042 *on_sep5 ;
acbyvs4.r5b1 :=    -0.000047491348 *on_sep5 ;
acbcv6.r5b1 :=     0.000027840846 *on_sep5 ;

acbyvs4.l5b2 :=     0.000047325208 *on_sep5 ;
acbcv6.l5b2 :=    -0.000029129424 *on_sep5 ;
acbyvs4.r5b2 :=    -0.000152954850 *on_sep5 ;
acbcv5.r5b2 :=     0.000110083192 *on_sep5 ;

return;

muxip5cur =     2.424221519566 ;
muyip5cur =     2.597677266677 ;

muxip5cur =     2.425722611573 ;
muyip5cur =     2.599287566173 ;
