beta.ip5 =    12.600000000000 ;

kqt13.l5b1 =    -0.004166321002 ;
kqt12.l5b1 =    -0.000551660224 ;
kqtl11.l5b1 =    -0.002239967711 ;
kq10.l5b1 =     0.007360645166 ;
kq9.l5b1 =    -0.006679874810 ;
kq8.l5b1 =     0.006983077265 ;
kq7.l5b1 =    -0.003942868908 ;
kq6.l5b1 =     0.004806668693 ;
kq5.l5b1 =    -0.005927599925 ;
kq4.l5b1 =     0.005515945950 ;
kqx.l5 =    -0.008536573899 ;
ktqx1.l5 =     0.000009150288 ;
ktqx2.l5 =     0.000044835376 ;
kqx.r5 =     0.008536573899 ;
ktqx1.r5 =    -0.000009150288 ;
ktqx2.r5 =    -0.000044835376 ;
kq4.r5b1 =    -0.005326972114 ;
kq5.r5b1 =     0.005949878155 ;
kq6.r5b1 =    -0.004929796448 ;
kq7.r5b1 =     0.003852979125 ;
kq8.r5b1 =    -0.006749909151 ;
kq9.r5b1 =     0.006630995794 ;
kq10.r5b1 =    -0.007358025421 ;
kqtl11.r5b1 =     0.000291283645 ;
kqt12.r5b1 =    -0.000524777237 ;
kqt13.r5b1 =    -0.003030429364 ;

kqt13.l5b2 =    -0.003946992468 ;
kqt12.l5b2 =     0.000882848858 ;
kqtl11.l5b2 =     0.000169838337 ;
kq10.l5b2 =    -0.007246949735 ;
kq9.l5b2 =     0.006607809346 ;
kq8.l5b2 =    -0.006659921990 ;
kq7.l5b2 =     0.003871677867 ;
kq6.l5b2 =    -0.005000537931 ;
kq5.l5b2 =     0.006010646316 ;
kq4.l5b2 =    -0.005122982418 ;
kqx.l5 =    -0.008536573899 ;
ktqx1.l5 =     0.000009150288 ;
ktqx2.l5 =     0.000044835376 ;
kqx.r5 =     0.008536573899 ;
ktqx1.r5 =    -0.000009150288 ;
ktqx2.r5 =    -0.000044835376 ;
kq4.r5b2 =     0.005421250154 ;
kq5.r5b2 =    -0.006074064793 ;
kq6.r5b2 =     0.004859416397 ;
kq7.r5b2 =    -0.003849478715 ;
kq8.r5b2 =     0.006906399992 ;
kq9.r5b2 =    -0.006928409826 ;
kq10.r5b2 =     0.007467662489 ;
kqtl11.r5b2 =    -0.002968366311 ;
kqt12.r5b2 =    -0.001049120518 ;
kqt13.r5b2 =    -0.001362696250 ;

acbxv1.l5 :=     0.000037374127 *on_sep5 ;
acbxv1.r5 :=     0.000037374127 *on_sep5 ;
acbxv2.l5 :=     0.000000000000 *on_sep5 ;
acbxv2.r5 :=     0.000000000000 *on_sep5 ;

acbyvs4.l5b1 :=     0.000130866868 *on_sep5 ;
acbcv5.l5b1 :=    -0.000067472684 *on_sep5 ;
acbyvs4.r5b1 :=     0.000016040738 *on_sep5 ;
acbcv6.r5b1 :=     0.000001721709 *on_sep5 ;

acbyvs4.l5b2 :=    -0.000015814670 *on_sep5 ;
acbcv6.l5b2 :=    -0.000001810855 *on_sep5 ;
acbyvs4.r5b2 :=    -0.000118455969 *on_sep5 ;
acbcv5.r5b2 :=     0.000059954134 *on_sep5 ;

return;

muxip5b1 =     2.620323026039 ;
muyip5b1 =     2.645883697238 ;

muxip5b2 =     2.620414171844 ;
muyip5b2 =     2.645981472703 ;
