beta.ip5 =    16.700000000000 ;

kqt13.l5b1 =    -0.003148831481 ;
kqt12.l5b1 =    -0.000762986111 ;
kqtl11.l5b1 =    -0.003322556990 ;
kq10.l5b1 =     0.007426562385 ;
kq9.l5b1 =    -0.007051146244 ;
kq8.l5b1 =     0.006640093616 ;
kq7.l5b1 =    -0.003554085367 ;
kq6.l5b1 =     0.004563777969 ;
kq5.l5b1 =    -0.006239341351 ;
kq4.l5b1 =     0.005725267350 ;
kqx.l5 =    -0.008417106636 ;
ktqx1.l5 =     0.000030630791 ;
ktqx2.l5 =     0.000150087413 ;
kqx.r5 =     0.008417106636 ;
ktqx1.r5 =    -0.000030630791 ;
ktqx2.r5 =    -0.000150087413 ;
kq4.r5b1 =    -0.004971436116 ;
kq5.r5b1 =     0.006178547842 ;
kq6.r5b1 =    -0.005145743055 ;
kq7.r5b1 =     0.003577914507 ;
kq8.r5b1 =    -0.005878019283 ;
kq9.r5b1 =     0.006622592767 ;
kq10.r5b1 =    -0.007430964470 ;
kqtl11.r5b1 =     0.000392420919 ;
kqt12.r5b1 =    -0.001161290233 ;
kqt13.r5b1 =    -0.002568146095 ;

kqt13.l5b2 =    -0.003639464261 ;
kqt12.l5b2 =     0.000035321996 ;
kqtl11.l5b2 =     0.000273937566 ;
kq10.l5b2 =    -0.007313809411 ;
kq9.l5b2 =     0.006575024802 ;
kq8.l5b2 =    -0.005822720925 ;
kq7.l5b2 =     0.003538500963 ;
kq6.l5b2 =    -0.005196010240 ;
kq5.l5b2 =     0.006238669406 ;
kq4.l5b2 =    -0.004833743722 ;
kqx.l5 =    -0.008417106636 ;
ktqx1.l5 =     0.000030630791 ;
ktqx2.l5 =     0.000150087413 ;
kqx.r5 =     0.008417106636 ;
ktqx1.r5 =    -0.000030630791 ;
ktqx2.r5 =    -0.000150087413 ;
kq4.r5b2 =     0.005672210050 ;
kq5.r5b2 =    -0.006422173242 ;
kq6.r5b2 =     0.004676180172 ;
kq7.r5b2 =    -0.003474642953 ;
kq8.r5b2 =     0.006573865017 ;
kq9.r5b2 =    -0.007117010260 ;
kq10.r5b2 =     0.007503953407 ;
kqtl11.r5b2 =    -0.003828103645 ;
kqt12.r5b2 =    -0.001108183320 ;
kqt13.r5b2 =    -0.000745649309 ;

acbxv1.l5 :=     0.000032463706 *on_sep5 ;
acbxv1.r5 :=     0.000032463706 *on_sep5 ;
acbxv2.l5 :=     0.000000000000 *on_sep5 ;
acbxv2.r5 :=     0.000000000000 *on_sep5 ;

acbyvs4.l5b1 :=     0.000149381177 *on_sep5 ;
acbcv5.l5b1 :=    -0.000078150984 *on_sep5 ;
acbyvs4.r5b1 :=     0.000012582834 *on_sep5 ;
acbcv6.r5b1 :=     0.000004189925 *on_sep5 ;

acbyvs4.l5b2 :=    -0.000012112613 *on_sep5 ;
acbcv6.l5b2 :=    -0.000004402420 *on_sep5 ;
acbyvs4.r5b2 :=    -0.000135232728 *on_sep5 ;
acbcv5.r5b2 :=     0.000069738831 *on_sep5 ;

return;

muxip5b1 =     2.590563548765 ;
muyip5b1 =     2.638568107468 ;

muxip5b2 =     2.590868661520 ;
muyip5b2 =     2.638895413011 ;
