beta.ip5 =    30.000000000000 ;

kqt13.l5b1 =    -0.000715386048 ;
kqt12.l5b1 =    -0.001922212844 ;
kqtl11.l5b1 =    -0.004594962710 ;
kq10.l5b1 =     0.007412167900 ;
kq9.l5b1 =    -0.006923879824 ;
kq8.l5b1 =     0.004694627868 ;
kq7.l5b1 =    -0.002599202291 ;
kq6.l5b1 =     0.005335446647 ;
kq5.l5b1 =    -0.006777906317 ;
kq4.l5b1 =     0.004680657368 ;
kqx.l5 =    -0.008131245269 ;
ktqx1.l5 =     0.000082029358 ;
ktqx2.l5 =     0.000401934578 ;
kqx.r5 =     0.008131245269 ;
ktqx1.r5 =    -0.000082029358 ;
ktqx2.r5 =    -0.000401934578 ;
kq4.r5b1 =    -0.003256022510 ;
kq5.r5b1 =     0.006293856877 ;
kq6.r5b1 =    -0.006009771193 ;
kq7.r5b1 =     0.003053043891 ;
kq8.r5b1 =    -0.003651410740 ;
kq9.r5b1 =     0.006525295405 ;
kq10.r5b1 =    -0.007575877058 ;
kqtl11.r5b1 =     0.000646006697 ;
kqt12.r5b1 =    -0.002683868465 ;
kqt13.r5b1 =    -0.001911224348 ;

kqt13.l5b2 =    -0.002908502746 ;
kqt12.l5b2 =    -0.001992666136 ;
kqtl11.l5b2 =     0.000535621426 ;
kq10.l5b2 =    -0.007473596231 ;
kq9.l5b2 =     0.006475786913 ;
kq8.l5b2 =    -0.003704488613 ;
kq7.l5b2 =     0.002962260556 ;
kq6.l5b2 =    -0.005950845600 ;
kq5.l5b2 =     0.006341794648 ;
kq4.l5b2 =    -0.003273532307 ;
kqx.l5 =    -0.008131245269 ;
ktqx1.l5 =     0.000082029358 ;
ktqx2.l5 =     0.000401934578 ;
kqx.r5 =     0.008131245269 ;
ktqx1.r5 =    -0.000082029358 ;
ktqx2.r5 =    -0.000401934578 ;
kq4.r5b2 =     0.004592835623 ;
kq5.r5b2 =    -0.006859553931 ;
kq6.r5b2 =     0.005440061196 ;
kq7.r5b2 =    -0.002577491898 ;
kq8.r5b2 =     0.004592388243 ;
kq9.r5b2 =    -0.006902010324 ;
kq10.r5b2 =     0.007461190561 ;
kqtl11.r5b2 =    -0.004903928871 ;
kqt12.r5b2 =    -0.002120323749 ;
kqt13.r5b2 =     0.000729351733 ;

acbxv1.l5 :=     0.000024221203 *on_sep5 ;
acbxv1.r5 :=     0.000024221203 *on_sep5 ;
acbxv2.l5 :=     0.000000000000 *on_sep5 ;
acbxv2.r5 :=     0.000000000000 *on_sep5 ;

acbyvs4.l5b1 :=     0.000172550448 *on_sep5 ;
acbcv5.l5b1 :=    -0.000097651059 *on_sep5 ;
acbyvs4.r5b1 :=    -0.000006872286 *on_sep5 ;
acbcv6.r5b1 :=     0.000014060656 *on_sep5 ;

acbyvs4.l5b2 :=     0.000007814738 *on_sep5 ;
acbcv6.l5b2 :=    -0.000014647442 *on_sep5 ;
acbyvs4.r5b2 :=    -0.000154364886 *on_sep5 ;
acbcv5.r5b2 :=     0.000087730979 *on_sep5 ;

return;

muxip5b1 =     2.519355126348 ;
muyip5b1 =     2.621063577932 ;

muxip5b2 =     2.520172139514 ;
muyip5b2 =     2.621939883409 ;
