beta.ip5 =    33.000000000000 ;

kqt13.l5b1 =    -0.000316289879 ;
kqt12.l5b1 =    -0.002237286370 ;
kqtl11.l5b1 =    -0.004625815186 ;
kq10.l5b1 =     0.007401623919 ;
kq9.l5b1 =    -0.006885382757 ;
kq8.l5b1 =     0.004362091122 ;
kq7.l5b1 =    -0.002441015948 ;
kq6.l5b1 =     0.005429773661 ;
kq5.l5b1 =    -0.006783561994 ;
kq4.l5b1 =     0.004427885598 ;
kqx.l5 =    -0.008084355010 ;
ktqx1.l5 =     0.000090460340 ;
ktqx2.l5 =     0.000443245437 ;
kqx.r5 =     0.008084355010 ;
ktqx1.r5 =    -0.000090460340 ;
ktqx2.r5 =    -0.000443245437 ;
kq4.r5b1 =    -0.003130894724 ;
kq5.r5b1 =     0.006304084592 ;
kq6.r5b1 =    -0.006011395472 ;
kq7.r5b1 =     0.002879947325 ;
kq8.r5b1 =    -0.003414513754 ;
kq9.r5b1 =     0.006510626647 ;
kq10.r5b1 =    -0.007590072734 ;
kqtl11.r5b1 =     0.000671813648 ;
kqt12.r5b1 =    -0.002933557079 ;
kqt13.r5b1 =    -0.001838351500 ;

kqt13.l5b2 =    -0.002789104546 ;
kqt12.l5b2 =    -0.002325198205 ;
kqtl11.l5b2 =     0.000566396640 ;
kq10.l5b2 =    -0.007499761911 ;
kq9.l5b2 =     0.006467289533 ;
kq8.l5b2 =    -0.003485205141 ;
kq7.l5b2 =     0.002799302746 ;
kq6.l5b2 =    -0.005953249504 ;
kq5.l5b2 =     0.006342650413 ;
kq4.l5b2 =    -0.003138785431 ;
kqx.l5 =    -0.008084355010 ;
ktqx1.l5 =     0.000090460340 ;
ktqx2.l5 =     0.000443245437 ;
kqx.r5 =     0.008084355010 ;
ktqx1.r5 =    -0.000090460340 ;
ktqx2.r5 =    -0.000443245437 ;
kq4.r5b2 =     0.004324564297 ;
kq5.r5b2 =    -0.006847185729 ;
kq6.r5b2 =     0.005533635254 ;
kq7.r5b2 =    -0.002430311541 ;
kq8.r5b2 =     0.004246401366 ;
kq9.r5b2 =    -0.006864641582 ;
kq10.r5b2 =     0.007447516690 ;
kqtl11.r5b2 =    -0.004890796690 ;
kqt12.r5b2 =    -0.002447293921 ;
kqt13.r5b2 =     0.000971242509 ;

acbxv1.l5 :=     0.000023094011 *on_sep5 ;
acbxv1.r5 :=     0.000023094011 *on_sep5 ;
acbxv2.l5 :=     0.000000000000 *on_sep5 ;
acbxv2.r5 :=     0.000000000000 *on_sep5 ;

acbyvs4.l5b1 :=     0.000174876377 *on_sep5 ;
acbcv5.l5b1 :=    -0.000100537126 *on_sep5 ;
acbyvs4.r5b1 :=    -0.000010609429 *on_sep5 ;
acbcv6.r5b1 :=     0.000015850899 *on_sep5 ;

acbyvs4.l5b2 :=     0.000011701429 *on_sep5 ;
acbcv6.l5b2 :=    -0.000016518265 *on_sep5 ;
acbyvs4.r5b2 :=    -0.000155991212 *on_sep5 ;
acbcv5.r5b2 :=     0.000090331632 *on_sep5 ;

return;

muxip5b1 =     2.507675292950 ;
muyip5b1 =     2.618193486368 ;

muxip5b2 =     2.508575685544 ;
muyip5b2 =     2.619158643073 ;
