beta.ip5 =    43.000000000000 ;

kqt13.l5b1 =     0.000737743337 ;
kqt12.l5b1 =    -0.003159061317 ;
kqtl11.l5b1 =    -0.004677034515 ;
kq10.l5b1 =     0.007370812304 ;
kq9.l5b1 =    -0.006775231547 ;
kq8.l5b1 =     0.003436756092 ;
kq7.l5b1 =    -0.002024873850 ;
kq6.l5b1 =     0.005642468068 ;
kq5.l5b1 =    -0.006703166571 ;
kq4.l5b1 =     0.003572334261 ;
kqx.l5 =    -0.007960486192 ;
ktqx1.l5 =     0.000112732253 ;
ktqx2.l5 =     0.000552375295 ;
kqx.r5 =     0.007960486192 ;
ktqx1.r5 =    -0.000112732253 ;
ktqx2.r5 =    -0.000552375295 ;
kq4.r5b1 =    -0.002647578686 ;
kq5.r5b1 =     0.006272175162 ;
kq6.r5b1 =    -0.005973767085 ;
kq7.r5b1 =     0.002311534641 ;
kq8.r5b1 =    -0.002687663747 ;
kq9.r5b1 =     0.006439373453 ;
kq10.r5b1 =    -0.007628168865 ;
kqtl11.r5b1 =     0.000738656146 ;
kqt12.r5b1 =    -0.003592884112 ;
kqt13.r5b1 =    -0.001803859561 ;
kqt13.l5b2 =    -0.002476925752 ;
kqt12.l5b2 =    -0.003203545228 ;
kqtl11.l5b2 =     0.000647375593 ;
kq10.l5b2 =    -0.007568745060 ;
kq9.l5b2 =     0.006437574400 ;
kq8.l5b2 =    -0.002868824098 ;
kq7.l5b2 =     0.002337258905 ;
kq6.l5b2 =    -0.005945340196 ;
kq5.l5b2 =     0.006277277974 ;
kq4.l5b2 =    -0.002619404422 ;
kqx.l5 =    -0.007960486192 ;
ktqx1.l5 =     0.000112732253 ;
ktqx2.l5 =     0.000552375295 ;
kqx.r5 =     0.007960486192 ;
ktqx1.r5 =    -0.000112732253 ;
ktqx2.r5 =    -0.000552375295 ;
kq4.r5b2 =     0.003301494347 ;
kq5.r5b2 =    -0.006703397819 ;
kq6.r5b2 =     0.005786763218 ;
kq7.r5b2 =    -0.002041536329 ;
kq8.r5b2 =     0.003169743353 ;
kq9.r5b2 =    -0.006726068581 ;
kq10.r5b2 =     0.007403212227 ;
kqtl11.r5b2 =    -0.004825615493 ;
kqt12.r5b2 =    -0.003471678912 ;
kqt13.r5b2 =     0.001609682004 ;

acbxv1.l5 :=     0.000020231222 *on_sep5 ;
acbxv1.r5 :=     0.000020231222 *on_sep5 ;
acbxv2.l5 :=     0.000000000000 *on_sep5 ;
acbxv2.r5 :=     0.000000000000 *on_sep5 ;

acbyvs4.l5b1 :=     0.000178963825 *on_sep5 ;
acbcv5.l5b1 :=    -0.000108308384 *on_sep5 ;
acbyvs4.r5b1 :=    -0.000021781794 *on_sep5 ;
acbcv6.r5b1 :=     0.000020524510 *on_sep5 ;

acbyvs4.l5b2 :=     0.000023345180 *on_sep5 ;
acbcv6.l5b2 :=    -0.000021423226 *on_sep5 ;
acbyvs4.r5b2 :=    -0.000157132334 *on_sep5 ;
acbcv5.r5b2 :=     0.000097330753 *on_sep5 ;

return;

muxip5cur =     2.476820248387 ;
muyip5cur =     2.610609100427 ;

muxip5cur =     2.477941624427 ;
muyip5cur =     2.611811510377 ;
