beta.ip5 =    60.000000000000 ;

kqt13.l5b1 =     0.001890825907 ;
kqt12.l5b1 =    -0.004326316098 ;
kqtl11.l5b1 =    -0.004802983593 ;
kq10.l5b1 =     0.007327037139 ;
kq9.l5b1 =    -0.006573365113 ;
kq8.l5b1 =     0.002174357274 ;
kq7.l5b1 =    -0.001574454974 ;
kq6.l5b1 =     0.005846569531 ;
kq5.l5b1 =    -0.006351511424 ;
kq4.l5b1 =     0.001983581673 ;
kqx.l5 =    -0.007824952725 ;
ktqx1.l5 =     0.000137101499 ;
ktqx2.l5 =     0.000671781844 ;
kqx.r5 =     0.007824952725 ;
ktqx1.r5 =    -0.000137101499 ;
ktqx2.r5 =    -0.000671781844 ;
kq4.r5b1 =    -0.001727673269 ;
kq5.r5b1 =     0.006055945936 ;
kq6.r5b1 =    -0.005865159507 ;
kq7.r5b1 =     0.001604355525 ;
kq8.r5b1 =    -0.001773764832 ;
kq9.r5b1 =     0.006353066735 ;
kq10.r5b1 =    -0.007676900119 ;
kqtl11.r5b1 =     0.000817770817 ;
kqt12.r5b1 =    -0.004313580107 ;
kqt13.r5b1 =    -0.001657859827 ;

kqt13.l5b2 =    -0.002138339456 ;
kqt12.l5b2 =    -0.004164304265 ;
kqtl11.l5b2 =     0.000725936170 ;
kq10.l5b2 =    -0.007644160582 ;
kq9.l5b2 =     0.006393468111 ;
kq8.l5b2 =    -0.002169974914 ;
kq7.l5b2 =     0.001649738336 ;
kq6.l5b2 =    -0.005802967205 ;
kq5.l5b2 =     0.006101998562 ;
kq4.l5b2 =    -0.001882004334 ;
kqx.l5 =    -0.007824952725 ;
ktqx1.l5 =     0.000137101499 ;
ktqx2.l5 =     0.000671781844 ;
kqx.r5 =     0.007824952725 ;
ktqx1.r5 =    -0.000137101499 ;
ktqx2.r5 =    -0.000671781844 ;
kq4.r5b2 =     0.001894401755 ;
kq5.r5b2 =    -0.006348929051 ;
kq6.r5b2 =     0.005913017597 ;
kq7.r5b2 =    -0.001616184176 ;
kq8.r5b2 =     0.002084815288 ;
kq9.r5b2 =    -0.006580486364 ;
kq10.r5b2 =     0.007360798269 ;
kqtl11.r5b2 =    -0.004810747090 ;
kqt12.r5b2 =    -0.004524947694 ;
kqt13.r5b2 =     0.002307590990 ;

acbxv1.l5 :=     0.000017126977 *on_sep5 ;
acbxv1.r5 :=     0.000017126977 *on_sep5 ;
acbxv2.l5 :=     0.000000000000 *on_sep5 ;
acbxv2.r5 :=     0.000000000000 *on_sep5 ;

acbyvs4.l5b1 :=     0.000177366082 *on_sep5 ;
acbcv5.l5b1 :=    -0.000117973203 *on_sep5 ;
acbyvs4.r5b1 :=    -0.000037061252 *on_sep5 ;
acbcv6.r5b1 :=     0.000025365173 *on_sep5 ;

acbyvs4.l5b2 :=     0.000037854289 *on_sep5 ;
acbcv6.l5b2 :=    -0.000026517155 *on_sep5 ;
acbyvs4.r5b2 :=    -0.000154810611 *on_sep5 ;
acbcv5.r5b2 :=     0.000105345270 *on_sep5 ;

return;

muxip5b1 =     2.443057143833 ;
muyip5b1 =     2.602307675217 ;

muxip5b2 =     2.444422772710 ;
muyip5b2 =     2.603772531888 ;
