beta.ip5 =    36.000000000000 ;

kqt13.l5b1 =     0.000040603409 ;
kqt12.l5b1 =    -0.002536952261 ;
kqtl11.l5b1 =    -0.004646327068 ;
kq10.l5b1 =     0.007391555626 ;
kq9.l5b1 =    -0.006849396572 ;
kq8.l5b1 =     0.004055241562 ;
kq7.l5b1 =    -0.002299793145 ;
kq6.l5b1 =     0.005508697261 ;
kq5.l5b1 =    -0.006772595999 ;
kq4.l5b1 =     0.004170265585 ;
kqx.l5 =    -0.008042418627 ;
ktqx1.l5 =     0.000098000603 ;
ktqx2.l5 =     0.000480191875 ;
kqx.r5 =     0.008042418627 ;
ktqx1.r5 =    -0.000098000603 ;
ktqx2.r5 =    -0.000480191875 ;
kq4.r5b1 =    -0.002994535302 ;
kq5.r5b1 =     0.006304246404 ;
kq6.r5b1 =    -0.006006633063 ;
kq7.r5b1 =     0.002706680719 ;
kq8.r5b1 =    -0.003186228864 ;
kq9.r5b1 =     0.006491625526 ;
kq10.r5b1 =    -0.007602555005 ;
kqtl11.r5b1 =     0.000694506005 ;
kqt12.r5b1 =    -0.003156827335 ;
kqt13.r5b1 =    -0.001804044635 ;
kqt13.l5b2 =    -0.002682827080 ;
kqt12.l5b2 =    -0.002622588233 ;
kqtl11.l5b2 =     0.000593833090 ;
kq10.l5b2 =    -0.007523139897 ;
kq9.l5b2 =     0.006458589537 ;
kq8.l5b2 =    -0.003283627180 ;
kq7.l5b2 =     0.002648850536 ;
kq6.l5b2 =    -0.005953509140 ;
kq5.l5b2 =     0.006332561292 ;
kq4.l5b2 =    -0.002991923063 ;
kqx.l5 =    -0.008042418627 ;
ktqx1.l5 =     0.000098000603 ;
ktqx2.l5 =     0.000480191875 ;
kqx.r5 =     0.008042418627 ;
ktqx1.r5 =    -0.000098000603 ;
ktqx2.r5 =    -0.000480191875 ;
kq4.r5b2 =     0.004032316635 ;
kq5.r5b2 =    -0.006818734722 ;
kq6.r5b2 =     0.005620893617 ;
kq7.r5b2 =    -0.002298684685 ;
kq8.r5b2 =     0.003907718743 ;
kq9.r5b2 =    -0.006824616720 ;
kq10.r5b2 =     0.007433736179 ;
kqtl11.r5b2 =    -0.004871745304 ;
kqt12.r5b2 =    -0.002770107804 ;
kqt13.r5b2 =     0.001187492679 ;

acbxv1.l5 :=     0.000022110832 *on_sep5 ;
acbxv1.r5 :=     0.000022110832 *on_sep5 ;
acbxv2.l5 :=     0.000000000000 *on_sep5 ;
acbxv2.r5 :=     0.000000000000 *on_sep5 ;

acbyvs4.l5b1 :=     0.000176599786 *on_sep5 ;
acbcv5.l5b1 :=    -0.000103129157 *on_sep5 ;
acbyvs4.r5b1 :=    -0.000014164487 *on_sep5 ;
acbcv6.r5b1 :=     0.000017448847 *on_sep5 ;

acbyvs4.l5b2 :=     0.000015402764 *on_sep5 ;
acbcv6.l5b2 :=    -0.000018191522 *on_sep5 ;
acbyvs4.r5b2 :=    -0.000156919543 *on_sep5 ;
acbcv5.r5b2 :=     0.000092667792 *on_sep5 ;

return;

muxip5b1 =     2.497229412826 ;
muyip5b1 =     2.615626282162 ;

muxip5b2 =     2.498204376979 ;
muyip5b2 =     2.616671235985 ;
