beta.ip5 =    40.000000000000 ;

kqt13.l5b1 =     0.000459845123 ;
kqt12.l5b1 =    -0.002905473834 ;
kqtl11.l5b1 =    -0.004665070204 ;
kq10.l5b1 =     0.007379272501 ;
kq9.l5b1 =    -0.006805839084 ;
kq8.l5b1 =     0.003687406305 ;
kq7.l5b1 =    -0.002134299488 ;
kq6.l5b1 =     0.005592023456 ;
kq5.l5b1 =    -0.006739164480 ;
kq4.l5b1 =     0.003828448370 ;
kqx.l5 =    -0.007993148978 ;
ktqx1.l5 =     0.000106859405 ;
ktqx2.l5 =     0.000523599004 ;
kqx.r5 =     0.007993148978 ;
ktqx1.r5 =    -0.000106859405 ;
ktqx2.r5 =    -0.000523599004 ;
kq4.r5b1 =    -0.002800218292 ;
kq5.r5b1 =     0.006291058547 ;
kq6.r5b1 =    -0.005990944856 ;
kq7.r5b1 =     0.002477616366 ;
kq8.r5b1 =    -0.002894795100 ;
kq9.r5b1 =     0.006462178577 ;
kq10.r5b1 =    -0.007617613809 ;
kqtl11.r5b1 =     0.000720966973 ;
kqt12.r5b1 =    -0.003419078371 ;
kqt13.r5b1 =    -0.001797263482 ;
kqt13.l5b2 =    -0.002558686684 ;
kqt12.l5b2 =    -0.002971958387 ;
kqtl11.l5b2 =     0.000626026704 ;
kq10.l5b2 =    -0.007550575375 ;
kq9.l5b2 =     0.006446693939 ;
kq8.l5b2 =    -0.003038094595 ;
kq7.l5b2 =     0.002464712544 ;
kq6.l5b2 =    -0.005950323983 ;
kq5.l5b2 =     0.006305633865 ;
kq4.l5b2 =    -0.002782955345 ;
kqx.l5 =    -0.007993148978 ;
ktqx1.l5 =     0.000106859405 ;
ktqx2.l5 =     0.000523599004 ;
kqx.r5 =     0.007993148978 ;
ktqx1.r5 =    -0.000106859405 ;
ktqx2.r5 =    -0.000523599004 ;
kq4.r5b2 =     0.003619607992 ;
kq5.r5b2 =    -0.006760037737 ;
kq6.r5b2 =     0.005722635514 ;
kq7.r5b2 =    -0.002144047133 ;
kq8.r5b2 =     0.003475319828 ;
kq9.r5b2 =    -0.006768808034 ;
kq10.r5b2 =     0.007415880413 ;
kqtl11.r5b2 =    -0.004844127582 ;
kqt12.r5b2 =    -0.003182564500 ;
kqt13.r5b2 =     0.001441427696 ;

acbxv1.l5 :=     0.000020976177 *on_sep5 ;
acbxv1.r5 :=     0.000020976177 *on_sep5 ;
acbxv2.l5 :=     0.000000000000 *on_sep5 ;
acbxv2.r5 :=     0.000000000000 *on_sep5 ;

acbyvs4.l5b1 :=     0.000178198787 *on_sep5 ;
acbcv5.l5b1 :=    -0.000106215868 *on_sep5 ;
acbyvs4.r5b1 :=    -0.000018628462 *on_sep5 ;
acbcv6.r5b1 :=     0.000019308493 *on_sep5 ;

acbyvs4.l5b2 :=     0.000020055774 *on_sep5 ;
acbcv6.l5b2 :=    -0.000020143778 *on_sep5 ;
acbyvs4.r5b2 :=    -0.000157317172 *on_sep5 ;
acbcv5.r5b2 :=     0.000095450427 *on_sep5 ;

return;

muxip5b1 =     2.484956593691 ;
muyip5b1 =     2.612609425939 ;

muxip5b2 =     2.486019474767 ;
muyip5b2 =     2.613748864831 ;
