beta.ip5 =    67.000000000000 ;

kqt13.l5b1 =     0.002221906569 ;
kqt12.l5b1 =    -0.004546705234 ;
kqtl11.l5b1 =    -0.004871370693 ;
kq10.l5b1 =     0.007322252841 ;
kq9.l5b1 =    -0.006551081066 ;
kq8.l5b1 =     0.001961512735 ;
kq7.l5b1 =    -0.001445087639 ;
kq6.l5b1 =     0.005838085615 ;
kq5.l5b1 =    -0.006229010621 ;
kq4.l5b1 =     0.001589865091 ;
kqx.l5 =    -0.007786010882 ;
ktqx1.l5 =     0.000144103337 ;
ktqx2.l5 =     0.000706090058 ;
kqx.r5 =     0.007786010882 ;
ktqx1.r5 =    -0.000144103337 ;
ktqx2.r5 =    -0.000706090058 ;
kq4.r5b1 =    -0.001352078322 ;
kq5.r5b1 =     0.005938112157 ;
kq6.r5b1 =    -0.005781021583 ;
kq7.r5b1 =     0.001318254018 ;
kq8.r5b1 =    -0.001461355585 ;
kq9.r5b1 =     0.006309995531 ;
kq10.r5b1 =    -0.007705159192 ;
kqtl11.r5b1 =     0.000841373359 ;
kqt12.r5b1 =    -0.004520320718 ;
kqt13.r5b1 =    -0.001707233317 ;

kqt13.l5b2 =    -0.002038705489 ;
kqt12.l5b2 =    -0.004440230615 ;
kqtl11.l5b2 =     0.000747259330 ;
kq10.l5b2 =    -0.007665892078 ;
kq9.l5b2 =     0.006375851612 ;
kq8.l5b2 =    -0.001939095073 ;
kq7.l5b2 =     0.001386124023 ;
kq6.l5b2 =    -0.005715127519 ;
kq5.l5b2 =     0.006023913611 ;
kq4.l5b2 =    -0.001627021452 ;
kqx.l5 =    -0.007786010882 ;
ktqx1.l5 =     0.000144103337 ;
ktqx2.l5 =     0.000706090058 ;
kqx.r5 =     0.007786010882 ;
ktqx1.r5 =    -0.000144103337 ;
ktqx2.r5 =    -0.000706090058 ;
kq4.r5b2 =     0.001515147528 ;
kq5.r5b2 =    -0.006225698254 ;
kq6.r5b2 =     0.005901980250 ;
kq7.r5b2 =    -0.001493970053 ;
kq8.r5b2 =     0.001886190235 ;
kq9.r5b2 =    -0.006562890688 ;
kq10.r5b2 =     0.007355291288 ;
kqtl11.r5b2 =    -0.004874589119 ;
kqt12.r5b2 =    -0.004711202769 ;
kqt13.r5b2 =     0.002508436997 ;

acbxv1.l5 :=     0.000016207608 *on_sep5 ;
acbxv1.r5 :=     0.000016207608 *on_sep5 ;
acbxv2.l5 :=     0.000000000000 *on_sep5 ;
acbxv2.r5 :=     0.000000000000 *on_sep5 ;

acbyvs4.l5b1 :=     0.000177208501 *on_sep5 ;
acbcv5.l5b1 :=    -0.000120845701 *on_sep5 ;
acbyvs4.r5b1 :=    -0.000042274873 *on_sep5 ;
acbcv6.r5b1 :=     0.000026659585 *on_sep5 ;

acbyvs4.l5b2 :=     0.000042355584 *on_sep5 ;
acbcv6.l5b2 :=    -0.000027886418 *on_sep5 ;
acbyvs4.r5b2 :=    -0.000154152645 *on_sep5 ;
acbcv5.r5b2 :=     0.000107725110 *on_sep5 ;

return;

muxip5b1 =     2.433356633304 ;
muyip5b1 =     2.599922897283 ;

muxip5b2 =     2.434792045614 ;
muyip5b2 =     2.601462737311 ;
