beta.ip1             :=  0.8000000000E+00 ;
x.ip1                := -0.5000000000E-03 *on_sep1 ;
y.ip1                := -0.4639530314E-03   *on_x1 ;
px.ip1               :=  0.0000000000E+00   *on_x1 ;
py.ip1               :=  0.1322266139E-03   *on_x1 ;

! written on  2/11/2005  16:51 by S.Fartoukh




kqx.l1               := -0.8730196766E-02 ;
kqx.r1               := -kqx.l1 ;

kq4.l1b1             :=  0.3994145864E-02 ;
kq4.r1b1             := -0.3994145864E-02 ;
kq5.l1b1             := -0.3380697639E-02 ;
kq5.r1b1             :=  0.3380697639E-02 ;
kq6.l1b1             :=  0.1865950054E-02 ;
kq6.r1b1             := -0.1865950054E-02 ;
kq7.l1b1             := -0.7376850934E-02 ;
kq7.r1b1             :=  0.6770681887E-02 ;
kq8.l1b1             :=  0.7688056603E-02 ;
kq8.r1b1             := -0.7608483451E-02 ;
kq9.l1b1             := -0.6393797746E-02 ;
kq9.r1b1             :=  0.6603934045E-02 ;
kq10.l1b1            :=  0.7111428425E-02 ;
kq10.r1b1            := -0.7110842820E-02 ;
kqtl11.l1b1          :=  0.1072462893E-02 ;
kqtl11.r1b1          := -0.4105813536E-03 ;
kqt12.l1b1           := -0.1630605456E-02 ;
kqt12.r1b1           :=  0.2431774289E-03 ;
kqt13.l1b1           := -0.4599579470E-02 ;
kqt13.r1b1           := -0.3176688259E-02 ;

kq4.l1b2             := -0.3930121102E-02 ;
kq4.r1b2             :=  0.3930121102E-02 ;
kq5.l1b2             :=  0.3221508594E-02 ;
kq5.r1b2             := -0.3221508594E-02 ;
kq6.l1b2             := -0.1866890278E-02 ;
kq6.r1b2             :=  0.1866890278E-02 ;
kq7.l1b2             :=  0.6805451512E-02 ;
kq7.r1b2             := -0.7968971343E-02 ;
kq8.l1b2             := -0.7690344371E-02 ;
kq8.r1b2             :=  0.7719865539E-02 ;
kq9.l1b2             :=  0.6687501566E-02 ;
kq9.r1b2             := -0.6305758224E-02 ;
kq10.l1b2            := -0.7208623040E-02 ;
kq10.r1b2            :=  0.7055659561E-02 ;
kqtl11.l1b2          := -0.2711257881E-03 ;
kqtl11.r1b2          :=  0.4249750120E-02 ;
kqt12.l1b2           := -0.4627214274E-02 ;
kqt12.r1b2           := -0.4818250896E-02 ;
kqt13.l1b2           := -0.2508869587E-02 ;
kqt13.r1b2           := -0.1617337230E-02 ;



acbxv1.l1            :=  0.1000000000E-04   *on_x1 ;
acbxv1.r1            := -0.1000000000E-04   *on_x1 ;
acbxh1.l1            := -0.1000000000E-04 *on_sep1 ;
acbxh1.r1            := -0.1000000000E-04 *on_sep1 ;
acbyvs4.l1b1         := -0.5768062798E-04   *on_x1 ;
acbyvs4.r1b1         := -0.2830153546E-04   *on_x1 ;
acbyhs4.l1b1         := -0.5512351211E-05 *on_sep1 ;
acbyhs4.r1b1         := -0.3075564825E-04 *on_sep1 ;
acbch6.l1b1          :=  0.8659264351E-06 *on_sep1 ;
acbcv5.l1b1          :=  0.2934128632E-05   *on_x1 ;
acbch5.r1b1          :=  0.1696180865E-04 *on_sep1 ;
acbcv6.r1b1          :=  0.5277411544E-04   *on_x1 ;
acbch7.r1b1          :=  0.0000000000E+00 *on_sep1 ;

acbyvs4.l1b2         := -0.2441353627E-04   *on_x1 ;
acbyvs4.r1b2         := -0.5827036158E-04   *on_x1 ;
acbyhs4.l1b2         :=  0.2768766358E-04 *on_sep1 ;
acbyhs4.r1b2         :=  0.5589989872E-05 *on_sep1 ;
acbcv6.l1b2          :=  0.4872433800E-04   *on_x1 ;
acbch5.l1b2          := -0.1450308394E-04 *on_sep1 ;
acbcv5.r1b2          :=  0.3429030340E-05   *on_x1 ;
acbch6.r1b2          := -0.9547825113E-06 *on_sep1 ;
acbch7.l1b2          :=  0.0000000000E+00 *on_sep1 ;

