beta.ip1             :=  0.1500000000E+01 ;
x.ip1                := -0.5000000000E-03 *on_sep1 ;
y.ip1                := -0.3618566437E-03   *on_x1 ;
px.ip1               :=  0.0000000000E+00   *on_x1 ;
py.ip1               :=  0.1031291435E-03   *on_x1 ;

! written on  2/11/2005  16:51 by S.Fartoukh




kqx.l1               := -0.8730196766E-02 ;
kqx.r1               := -kqx.l1 ;

kq4.l1b1             :=  0.3627876356E-02 ;
kq4.r1b1             := -0.3627876356E-02 ;
kq5.l1b1             := -0.3710221321E-02 ;
kq5.r1b1             :=  0.3710221321E-02 ;
kq6.l1b1             :=  0.3384825865E-02 ;
kq6.r1b1             := -0.3384825865E-02 ;
kq7.l1b1             := -0.6489055130E-02 ;
kq7.r1b1             :=  0.6166206965E-02 ;
kq8.l1b1             :=  0.7579666510E-02 ;
kq8.r1b1             := -0.7531310509E-02 ;
kq9.l1b1             := -0.6418032242E-02 ;
kq9.r1b1             :=  0.6626957973E-02 ;
kq10.l1b1            :=  0.7194410257E-02 ;
kq10.r1b1            := -0.7200122053E-02 ;
kqtl11.l1b1          := -0.3264362550E-03 ;
kqtl11.r1b1          := -0.1364232568E-03 ;
kqt12.l1b1           := -0.7792734236E-03 ;
kqt12.r1b1           := -0.2533098071E-03 ;
kqt13.l1b1           := -0.4599579470E-02 ;
kqt13.r1b1           := -0.3276646484E-02 ;

kq4.l1b2             := -0.3758559488E-02 ;
kq4.r1b2             :=  0.3758559488E-02 ;
kq5.l1b2             :=  0.3613576156E-02 ;
kq5.r1b2             := -0.3613576156E-02 ;
kq6.l1b2             := -0.2844012795E-02 ;
kq6.r1b2             :=  0.2844012795E-02 ;
kq7.l1b2             :=  0.5951978437E-02 ;
kq7.r1b2             := -0.5763065877E-02 ;
kq8.l1b2             := -0.7915434922E-02 ;
kq8.r1b2             :=  0.7832189277E-02 ;
kq9.l1b2             :=  0.6595114183E-02 ;
kq9.r1b2             := -0.6651846460E-02 ;
kq10.l1b2            := -0.7551472148E-02 ;
kq10.r1b2            :=  0.7415486227E-02 ;
kqtl11.l1b2          :=  0.5913636717E-04 ;
kqtl11.r1b2          := -0.1670398967E-02 ;
kqt12.l1b2           := -0.3742779572E-02 ;
kqt12.r1b2           := -0.1441058885E-02 ;
kqt13.l1b2           := -0.4762867545E-02 ;
kqt13.r1b2           :=  0.3946105858E-02 ;



acbxv1.l1            :=  0.1000000000E-04   *on_x1 ;
acbxv1.r1            := -0.1000000000E-04   *on_x1 ;
acbxh1.l1            := -0.1000000000E-04 *on_sep1 ;
acbxh1.r1            := -0.1000000000E-04 *on_sep1 ;
acbyvs4.l1b1         := -0.5151824266E-04   *on_x1 ;
acbyvs4.r1b1         := -0.2112447529E-04   *on_x1 ;
acbyhs4.l1b1         := -0.5608714385E-05 *on_sep1 ;
acbyhs4.r1b1         := -0.3033045584E-04 *on_sep1 ;
acbch6.l1b1          :=  0.8607773626E-06 *on_sep1 ;
acbcv5.l1b1          :=  0.6812843753E-05   *on_x1 ;
acbch5.r1b1          :=  0.1702867607E-04 *on_sep1 ;
acbcv6.r1b1          :=  0.3609755895E-04   *on_x1 ;
acbch7.r1b1          :=  0.0000000000E+00 *on_sep1 ;

acbyvs4.l1b2         := -0.1709515836E-04   *on_x1 ;
acbyvs4.r1b2         := -0.5299587365E-04   *on_x1 ;
acbyhs4.l1b2         :=  0.2746847962E-04 *on_sep1 ;
acbyhs4.r1b2         :=  0.5646825715E-05 *on_sep1 ;
acbcv6.l1b2          :=  0.3369649025E-04   *on_x1 ;
acbch5.l1b2          := -0.1460716113E-04 *on_sep1 ;
acbcv5.r1b2          :=  0.7909349886E-05   *on_x1 ;
acbch6.r1b2          := -0.9300396041E-06 *on_sep1 ;
acbch7.l1b2          :=  0.0000000000E+00 *on_sep1 ;

