beta.ip1             :=  0.2500000000E+01 ;
x.ip1                := -0.5000000000E-03 *on_sep1 ;
y.ip1                := -0.2942458360E-03   *on_x1 ;
px.ip1               :=  0.0000000000E+00   *on_x1 ;
py.ip1               :=  0.8386006327E-04   *on_x1 ;

! written on  2/11/2005  16:51 by S.Fartoukh




kqx.l1               := -0.8720843188E-02 ;
kqx.r1               := -kqx.l1 ;

kq4.l1b1             :=  0.3439165819E-02 ;
kq4.r1b1             := -0.3439165819E-02 ;
kq5.l1b1             := -0.4144952698E-02 ;
kq5.r1b1             :=  0.4144952698E-02 ;
kq6.l1b1             :=  0.4362230048E-02 ;
kq6.r1b1             := -0.4362230048E-02 ;
kq7.l1b1             := -0.5972830862E-02 ;
kq7.r1b1             :=  0.5794734275E-02 ;
kq8.l1b1             :=  0.7427451417E-02 ;
kq8.r1b1             := -0.7405070397E-02 ;
kq9.l1b1             := -0.6438115965E-02 ;
kq9.r1b1             :=  0.6635158798E-02 ;
kq10.l1b1            :=  0.7239791547E-02 ;
kq10.r1b1            := -0.7245654293E-02 ;
kqtl11.l1b1          := -0.1067420567E-02 ;
kqtl11.r1b1          :=  0.1842838669E-04 ;
kqt12.l1b1           := -0.4233023133E-03 ;
kqt12.r1b1           := -0.2533098071E-03 ;
kqt13.l1b1           := -0.4599579470E-02 ;
kqt13.r1b1           := -0.3276646484E-02 ;

kq4.l1b2             := -0.3697067951E-02 ;
kq4.r1b2             :=  0.3697067951E-02 ;
kq5.l1b2             :=  0.4151858104E-02 ;
kq5.r1b2             := -0.4151858104E-02 ;
kq6.l1b2             := -0.3898554064E-02 ;
kq6.r1b2             :=  0.3898554064E-02 ;
kq7.l1b2             :=  0.5541146158E-02 ;
kq7.r1b2             := -0.5368015719E-02 ;
kq8.l1b2             := -0.7810991628E-02 ;
kq8.r1b2             :=  0.7728374132E-02 ;
kq9.l1b2             :=  0.6593780961E-02 ;
kq9.r1b2             := -0.6662050805E-02 ;
kq10.l1b2            := -0.7567739660E-02 ;
kq10.r1b2            :=  0.7429494544E-02 ;
kqtl11.l1b2          :=  0.1950987018E-03 ;
kqtl11.r1b2          := -0.1716114985E-02 ;
kqt12.l1b2           := -0.3742779572E-02 ;
kqt12.r1b2           := -0.1485802342E-02 ;
kqt13.l1b2           := -0.4762867545E-02 ;
kqt13.r1b2           :=  0.4113292002E-02 ;



acbxv1.l1            :=  0.1000000000E-04   *on_x1 ;
acbxv1.r1            := -0.1000000000E-04   *on_x1 ;
acbxh1.l1            := -0.1000000000E-04 *on_sep1 ;
acbxh1.r1            := -0.1000000000E-04 *on_sep1 ;
acbyvs4.l1b1         := -0.4657695245E-04   *on_x1 ;
acbyvs4.r1b1         := -0.1516724763E-04   *on_x1 ;
acbyhs4.l1b1         := -0.5561602236E-05 *on_sep1 ;
acbyhs4.r1b1         := -0.2998586702E-04 *on_sep1 ;
acbch6.l1b1          :=  0.7656901460E-06 *on_sep1 ;
acbcv5.l1b1          :=  0.8938682611E-05   *on_x1 ;
acbch5.r1b1          :=  0.1697894401E-04 *on_sep1 ;
acbcv6.r1b1          :=  0.2560583927E-04   *on_x1 ;
acbch7.r1b1          :=  0.0000000000E+00 *on_sep1 ;

acbyvs4.l1b2         := -0.1175822087E-04   *on_x1 ;
acbyvs4.r1b2         := -0.4860398279E-04   *on_x1 ;
acbyhs4.l1b2         :=  0.2726961081E-04 *on_sep1 ;
acbyhs4.r1b2         :=  0.5574432637E-05 *on_sep1 ;
acbcv6.l1b2          :=  0.2410130908E-04   *on_x1 ;
acbch5.l1b2          := -0.1465054134E-04 *on_sep1 ;
acbcv5.r1b2          :=  0.1030203152E-04   *on_x1 ;
acbch6.r1b2          := -0.8143264633E-06 *on_sep1 ;
acbch7.l1b2          :=  0.0000000000E+00 *on_sep1 ;

