beta.ip1             :=  0.2000000000E+01 ;
x.ip1                := -0.5000000000E-03 *on_sep1 ;
y.ip1                := -0.3220440424E-03   *on_x1 ;
px.ip1               :=  0.0000000000E+00   *on_x1 ;
py.ip1               :=  0.9178255210E-04   *on_x1 ;

! written on  2/11/2005  16:51 by S.Fartoukh




kqx.l1               := -0.8730196766E-02 ;
kqx.r1               := -kqx.l1 ;

kq4.l1b1             :=  0.3411124140E-02 ;
kq4.r1b1             := -0.3411124140E-02 ;
kq5.l1b1             := -0.3681291602E-02 ;
kq5.r1b1             :=  0.3681291602E-02 ;
kq6.l1b1             :=  0.3823254712E-02 ;
kq6.r1b1             := -0.3823254712E-02 ;
kq7.l1b1             := -0.6081012248E-02 ;
kq7.r1b1             :=  0.5888605135E-02 ;
kq8.l1b1             :=  0.7540541736E-02 ;
kq8.r1b1             := -0.7516493112E-02 ;
kq9.l1b1             := -0.6451810896E-02 ;
kq9.r1b1             :=  0.6646169146E-02 ;
kq10.l1b1            :=  0.7233017616E-02 ;
kq10.r1b1            := -0.7235623380E-02 ;
kqtl11.l1b1          := -0.9500352879E-03 ;
kqtl11.r1b1          := -0.4312415789E-04 ;
kqt12.l1b1           := -0.4233023133E-03 ;
kqt12.r1b1           := -0.2533098071E-03 ;
kqt13.l1b1           := -0.4599579470E-02 ;
kqt13.r1b1           := -0.3276646484E-02 ;

kq4.l1b2             := -0.3625166014E-02 ;
kq4.r1b2             :=  0.3625166014E-02 ;
kq5.l1b2             :=  0.3661063163E-02 ;
kq5.r1b2             := -0.3661063163E-02 ;
kq6.l1b2             := -0.3327595586E-02 ;
kq6.r1b2             :=  0.3327595586E-02 ;
kq7.l1b2             :=  0.5648604563E-02 ;
kq7.r1b2             := -0.5478909850E-02 ;
kq8.l1b2             := -0.7909342115E-02 ;
kq8.r1b2             :=  0.7829996378E-02 ;
kq9.l1b2             :=  0.6606363273E-02 ;
kq9.r1b2             := -0.6677593424E-02 ;
kq10.l1b2            := -0.7561556131E-02 ;
kq10.r1b2            :=  0.7426748285E-02 ;
kqtl11.l1b2          :=  0.1421649966E-03 ;
kqtl11.r1b2          := -0.1675118975E-02 ;
kqt12.l1b2           := -0.3742779572E-02 ;
kqt12.r1b2           := -0.1441058885E-02 ;
kqt13.l1b2           := -0.4762867545E-02 ;
kqt13.r1b2           :=  0.4113292002E-02 ;



acbxv1.l1            :=  0.1000000000E-04   *on_x1 ;
acbxv1.r1            := -0.1000000000E-04   *on_x1 ;
acbxh1.l1            := -0.1000000000E-04 *on_sep1 ;
acbxh1.r1            := -0.1000000000E-04 *on_sep1 ;
acbyvs4.l1b1         := -0.4899982813E-04   *on_x1 ;
acbyvs4.r1b1         := -0.1769709946E-04   *on_x1 ;
acbyhs4.l1b1         := -0.5651709395E-05 *on_sep1 ;
acbyhs4.r1b1         := -0.3007753591E-04 *on_sep1 ;
acbch6.l1b1          :=  0.8646326925E-06 *on_sep1 ;
acbcv5.l1b1          :=  0.8332404120E-05   *on_x1 ;
acbch5.r1b1          :=  0.1706846228E-04 *on_sep1 ;
acbcv6.r1b1          :=  0.3005902937E-04   *on_x1 ;
acbch7.r1b1          :=  0.0000000000E+00 *on_sep1 ;

acbyvs4.l1b2         := -0.1392678220E-04   *on_x1 ;
acbyvs4.r1b2         := -0.5086666336E-04   *on_x1 ;
acbyhs4.l1b2         :=  0.2730342192E-04 *on_sep1 ;
acbyhs4.r1b2         :=  0.5676854820E-05 *on_sep1 ;
acbcv6.l1b2          :=  0.2815482910E-04   *on_x1 ;
acbch5.l1b2          := -0.1463809561E-04 *on_sep1 ;
acbcv5.r1b2          :=  0.9667845890E-05   *on_x1 ;
acbch6.r1b2          := -0.9254143022E-06 *on_sep1 ;
acbch7.l1b2          :=  0.0000000000E+00 *on_sep1 ;

