beta.ip1             :=  0.1100000000E+02 ;
x.ip1                := -0.5000000000E-03 *on_sep1 ;
y.ip1                := -0.1647929683E-03   *on_x1 ;
px.ip1               :=  0.0000000000E+00   *on_x1 ;
py.ip1               :=  0.4696599597E-04   *on_x1 ;

! written on  2/11/2005  16:51 by S.Fartoukh




kqx.l1               := -0.8587464692E-02 ;
kqx.r1               := -kqx.l1 ;

kq4.l1b1             :=  0.5263489397E-02 ;
kq4.r1b1             := -0.5263489397E-02 ;
kq5.l1b1             := -0.5831020687E-02 ;
kq5.r1b1             :=  0.5831020687E-02 ;
kq6.l1b1             :=  0.5067788860E-02 ;
kq6.r1b1             := -0.5067788860E-02 ;
kq7.l1b1             := -0.4105196877E-02 ;
kq7.r1b1             :=  0.4042916716E-02 ;
kq8.l1b1             :=  0.7019640314E-02 ;
kq8.r1b1             := -0.7020563331E-02 ;
kq9.l1b1             := -0.6415783017E-02 ;
kq9.r1b1             :=  0.6623232152E-02 ;
kq10.l1b1            :=  0.7317909487E-02 ;
kq10.r1b1            := -0.7329343889E-02 ;
kqtl11.l1b1          := -0.1757508656E-02 ;
kqtl11.r1b1          :=  0.2565008807E-03 ;
kqt12.l1b1           := -0.4233023133E-03 ;
kqt12.r1b1           := -0.2533098071E-03 ;
kqt13.l1b1           := -0.4599579470E-02 ;
kqt13.r1b1           := -0.3276646484E-02 ;

kq4.l1b2             := -0.5131392819E-02 ;
kq4.r1b2             :=  0.5131392819E-02 ;
kq5.l1b2             :=  0.5892650555E-02 ;
kq5.r1b2             := -0.5892650555E-02 ;
kq6.l1b2             := -0.5067788860E-02 ;
kq6.r1b2             :=  0.5067788860E-02 ;
kq7.l1b2             :=  0.4068692421E-02 ;
kq7.r1b2             := -0.4009123000E-02 ;
kq8.l1b2             := -0.6988888764E-02 ;
kq8.r1b2             :=  0.6947686009E-02 ;
kq9.l1b2             :=  0.6619286260E-02 ;
kq9.r1b2             := -0.6736776160E-02 ;
kq10.l1b2            := -0.7218489748E-02 ;
kq10.r1b2            :=  0.7437387879E-02 ;
kqtl11.l1b2          :=  0.1263952292E-03 ;
kqtl11.r1b2          := -0.2532941075E-02 ;
kqt12.l1b2           :=  0.1243944673E-02 ;
kqt12.r1b2           := -0.1002735563E-02 ;
kqt13.l1b2           := -0.4078503765E-02 ;
kqt13.r1b2           := -0.1625528490E-02 ;



acbxv1.l1            :=  0.1000000000E-04   *on_x1 ;
acbxv1.r1            := -0.1000000000E-04   *on_x1 ;
acbxh1.l1            := -0.1000000000E-04 *on_sep1 ;
acbxh1.r1            := -0.1000000000E-04 *on_sep1 ;
acbyvs4.l1b1         := -0.3487481858E-04   *on_x1 ;
acbyvs4.r1b1         :=  0.1057714240E-05   *on_x1 ;
acbyhs4.l1b1         := -0.4125951168E-05 *on_sep1 ;
acbyhs4.r1b1         := -0.3013220994E-04 *on_sep1 ;
acbch6.l1b1          := -0.3506326617E-06 *on_sep1 ;
acbcv5.l1b1          :=  0.1032689345E-04   *on_x1 ;
acbch5.r1b1          :=  0.1546032371E-04 *on_sep1 ;
acbcv6.r1b1          :=  0.9022202066E-05   *on_x1 ;
acbch7.r1b1          :=  0.0000000000E+00 *on_sep1 ;

acbyvs4.l1b2         :=  0.1350530977E-05   *on_x1 ;
acbyvs4.r1b2         := -0.3684020308E-04   *on_x1 ;
acbyhs4.l1b2         :=  0.2724317689E-04 *on_sep1 ;
acbyhs4.r1b2         :=  0.4086629515E-05 *on_sep1 ;
acbcv6.l1b2          :=  0.8493794636E-05   *on_x1 ;
acbch5.l1b2          := -0.1371022358E-04 *on_sep1 ;
acbcv5.r1b2          :=  0.1168821136E-04   *on_x1 ;
acbch6.r1b2          :=  0.3683148763E-06 *on_sep1 ;
acbch7.l1b2          :=  0.0000000000E+00 *on_sep1 ;

