beta.ip1             :=  0.5000000000E+01 ;
x.ip1                := -0.5000000000E-03 *on_sep1 ;
y.ip1                := -0.2231401178E-03   *on_x1 ;
px.ip1               :=  0.0000000000E+00   *on_x1 ;
py.ip1               :=  0.6359493357E-04   *on_x1 ;

! written on  2/11/2005  16:51 by S.Fartoukh




kqx.l1               := -0.8702880463E-02 ;
kqx.r1               := -kqx.l1 ;

kq4.l1b1             :=  0.3473186444E-02 ;
kq4.r1b1             := -0.3473186444E-02 ;
kq5.l1b1             := -0.4878643533E-02 ;
kq5.r1b1             :=  0.4878643533E-02 ;
kq6.l1b1             :=  0.5288278065E-02 ;
kq6.r1b1             := -0.5288278065E-02 ;
kq7.l1b1             := -0.5365726995E-02 ;
kq7.r1b1             :=  0.5245231093E-02 ;
kq8.l1b1             :=  0.7073996784E-02 ;
kq8.r1b1             := -0.7065622856E-02 ;
kq9.l1b1             := -0.6409026725E-02 ;
kq9.r1b1             :=  0.6616868475E-02 ;
kq10.l1b1            :=  0.7263871063E-02 ;
kq10.r1b1            := -0.7280911870E-02 ;
kqtl11.l1b1          := -0.1430280536E-02 ;
kqtl11.r1b1          :=  0.1700495442E-03 ;
kqt12.l1b1           := -0.4233023133E-03 ;
kqt12.r1b1           := -0.2533098071E-03 ;
kqt13.l1b1           := -0.4599579470E-02 ;
kqt13.r1b1           := -0.3276646484E-02 ;

kq4.l1b2             := -0.3556508837E-02 ;
kq4.r1b2             :=  0.3556508837E-02 ;
kq5.l1b2             :=  0.5358374592E-02 ;
kq5.r1b2             := -0.5358374592E-02 ;
kq6.l1b2             := -0.5288278065E-02 ;
kq6.r1b2             :=  0.5288278065E-02 ;
kq7.l1b2             :=  0.5180186924E-02 ;
kq7.r1b2             := -0.4690822091E-02 ;
kq8.l1b2             := -0.7190976085E-02 ;
kq8.r1b2             :=  0.6916403747E-02 ;
kq9.l1b2             :=  0.6532403562E-02 ;
kq9.r1b2             := -0.6373210933E-02 ;
kq10.l1b2            := -0.7613946486E-02 ;
kq10.r1b2            :=  0.7406615420E-02 ;
kqtl11.l1b2          :=  0.3292728868E-03 ;
kqtl11.r1b2          := -0.2688603833E-02 ;
kqt12.l1b2           := -0.3593943891E-02 ;
kqt12.r1b2           := -0.8458408780E-03 ;
kqt13.l1b2           := -0.4762867545E-02 ;
kqt13.r1b2           :=  0.1257395469E-02 ;



acbxv1.l1            :=  0.1000000000E-04   *on_x1 ;
acbxv1.r1            := -0.1000000000E-04   *on_x1 ;
acbxh1.l1            := -0.1000000000E-04 *on_sep1 ;
acbxh1.r1            := -0.1000000000E-04 *on_sep1 ;
acbyvs4.l1b1         := -0.4143006625E-04   *on_x1 ;
acbyvs4.r1b1         := -0.6975659099E-05   *on_x1 ;
acbyhs4.l1b1         := -0.5372174692E-05 *on_sep1 ;
acbyhs4.r1b1         := -0.2978559557E-04 *on_sep1 ;
acbch6.l1b1          :=  0.5921044956E-06 *on_sep1 ;
acbcv5.l1b1          :=  0.1116526698E-04   *on_x1 ;
acbch5.r1b1          :=  0.1681048576E-04 *on_sep1 ;
acbcv6.r1b1          :=  0.1506495763E-04   *on_x1 ;
acbch7.r1b1          :=  0.0000000000E+00 *on_sep1 ;

acbyvs4.l1b2         := -0.6028763041E-05   *on_x1 ;
acbyvs4.r1b2         := -0.4379675306E-04   *on_x1 ;
acbyhs4.l1b2         :=  0.2685765414E-04 *on_sep1 ;
acbyhs4.r1b2         :=  0.5419924903E-05 *on_sep1 ;
acbcv6.l1b2          :=  0.1397964790E-04   *on_x1 ;
acbch5.l1b2          := -0.1477280113E-04 *on_sep1 ;
acbcv5.r1b2          :=  0.1276523721E-04   *on_x1 ;
acbch6.r1b2          := -0.6057853952E-06 *on_sep1 ;
acbch7.l1b2          :=  0.0000000000E+00 *on_sep1 ;

