beta.ip1             :=  0.1100000000E+01 ;
x.ip1                := -0.5000000000E-03 *on_sep1 ;
y.ip1                := -0.4099238480E-03   *on_x1 ;
px.ip1               :=  0.0000000000E+00   *on_x1 ;
py.ip1               :=  0.1168282967E-03   *on_x1 ;

! written on  2/11/2005  16:51 by S.Fartoukh




kqx.l1               := -0.8730196766E-02 ;
kqx.r1               := -kqx.l1 ;

kq4.l1b1             :=  0.3857724534E-02 ;
kq4.r1b1             := -0.3857724534E-02 ;
kq5.l1b1             := -0.3639458028E-02 ;
kq5.r1b1             :=  0.3639458028E-02 ;
kq6.l1b1             :=  0.2753720257E-02 ;
kq6.r1b1             := -0.2753720257E-02 ;
kq7.l1b1             := -0.7100236661E-02 ;
kq7.r1b1             :=  0.6462175234E-02 ;
kq8.l1b1             :=  0.7664736910E-02 ;
kq8.r1b1             := -0.7564136630E-02 ;
kq9.l1b1             := -0.6381630710E-02 ;
kq9.r1b1             :=  0.6611061751E-02 ;
kq10.l1b1            :=  0.7117106609E-02 ;
kq10.r1b1            := -0.7126613934E-02 ;
kqtl11.l1b1          :=  0.1072462893E-02 ;
kqtl11.r1b1          := -0.2637659605E-03 ;
kqt12.l1b1           := -0.1575447724E-02 ;
kqt12.r1b1           := -0.2533098071E-03 ;
kqt13.l1b1           := -0.4599579470E-02 ;
kqt13.r1b1           := -0.3176688259E-02 ;

kq4.l1b2             := -0.3817142459E-02 ;
kq4.r1b2             :=  0.3817142459E-02 ;
kq5.l1b2             :=  0.3501713937E-02 ;
kq5.r1b2             := -0.3501713937E-02 ;
kq6.l1b2             := -0.2757027847E-02 ;
kq6.r1b2             :=  0.2757027847E-02 ;
kq7.l1b2             :=  0.6506478109E-02 ;
kq7.r1b2             := -0.7806426298E-02 ;
kq8.l1b2             := -0.7698277599E-02 ;
kq8.r1b2             :=  0.7726123014E-02 ;
kq9.l1b2             :=  0.6698429014E-02 ;
kq9.r1b2             := -0.6298645887E-02 ;
kq10.l1b2            := -0.7201580289E-02 ;
kq10.r1b2            :=  0.7037059506E-02 ;
kqtl11.l1b2          := -0.1560739771E-03 ;
kqtl11.r1b2          :=  0.4748642310E-02 ;
kqt12.l1b2           := -0.4627214274E-02 ;
kqt12.r1b2           := -0.5139425186E-02 ;
kqt13.l1b2           := -0.2539289641E-02 ;
kqt13.r1b2           := -0.1617337230E-02 ;



acbxv1.l1            :=  0.1000000000E-04   *on_x1 ;
acbxv1.r1            := -0.1000000000E-04   *on_x1 ;
acbxh1.l1            := -0.1000000000E-04 *on_sep1 ;
acbxh1.r1            := -0.1000000000E-04 *on_sep1 ;
acbyvs4.l1b1         := -0.5447294666E-04   *on_x1 ;
acbyvs4.r1b1         := -0.2455266187E-04   *on_x1 ;
acbyhs4.l1b1         := -0.5556727359E-05 *on_sep1 ;
acbyhs4.r1b1         := -0.3059760119E-04 *on_sep1 ;
acbch6.l1b1          :=  0.8602934987E-06 *on_sep1 ;
acbcv5.l1b1          :=  0.4981047159E-05   *on_x1 ;
acbch5.r1b1          :=  0.1698666102E-04 *on_sep1 ;
acbcv6.r1b1          :=  0.4366666314E-04   *on_x1 ;
acbch7.r1b1          :=  0.0000000000E+00 *on_sep1 ;

acbyvs4.l1b2         := -0.2122188907E-04   *on_x1 ;
acbyvs4.r1b2         := -0.5548339992E-04   *on_x1 ;
acbyhs4.l1b2         :=  0.2754291326E-04 *on_sep1 ;
acbyhs4.r1b2         :=  0.5628748215E-05 *on_sep1 ;
acbcv6.l1b2          :=  0.4072107644E-04   *on_x1 ;
acbch5.l1b2          := -0.1457580451E-04 *on_sep1 ;
acbcv5.r1b2          :=  0.5799331407E-05   *on_x1 ;
acbch6.r1b2          := -0.9371329292E-06 *on_sep1 ;
acbch7.l1b2          :=  0.0000000000E+00 *on_sep1 ;

