beta.ip8             :=  8.00 ;

! saved on 09/07/08 14:06:32 by T.Risselada

kqx.l8               :=  8.600000000000000006e-03 ;

kq4.l8b1             := -4.592990087226503718e-03 ;
kq5.l8b1             :=  5.266472870918421922e-03 ;
kq6.l8b1             := -5.341333502093752184e-03 ;
kq7.l8b1             :=  8.337901176298029987e-03 ;
kq8.l8b1             := -5.394331360961492940e-03 ;
kq9.l8b1             :=  7.208715455174216982e-03 ;
kq10.l8b1            := -6.572547017289811708e-03 ;
kqtl11.l8b1          :=  8.099393406471063058e-04 ;
kqt12.l8b1           := -2.537921285236589830e-03 ;
kqt13.l8b1           :=  4.575892709511983694e-03 ;
kq4.r8b1             :=  4.343977542911186228e-03 ;
kq5.r8b1             := -3.954365418294355367e-03 ;
kq6.r8b1             :=  4.099387663942933961e-03 ;
kq7.r8b1             := -6.401809755542764262e-03 ;
kq8.r8b1             :=  6.597232067583904368e-03 ;
kq9.r8b1             := -7.490889007641322178e-03 ;
kq10.r8b1            :=  7.540969871638806069e-03 ;
kqtl11.r8b1          := -4.986709886149186775e-03 ;
kqt12.r8b1           := -1.749545517683753857e-03 ;
kqt13.r8b1           := -4.683645868078158137e-03 ;

kq4.l8b2             :=  4.642788044391162744e-03 ;
kq5.l8b2             := -5.193871154130700468e-03 ;
kq6.l8b2             :=  5.135253599108704700e-03 ;
kq7.l8b2             := -7.044686833545216881e-03 ;
kq8.l8b2             :=  6.306465635025060995e-03 ;
kq9.l8b2             := -5.164778795991146337e-03 ;
kq10.l8b2            :=  7.225303055672283384e-03 ;
kqtl11.l8b2          := -1.132219671780708057e-04 ;
kqt12.l8b2           := -3.402238673431839076e-03 ;
kqt13.l8b2           :=  4.303587802704633009e-03 ;
kq4.r8b2             := -4.112869084078568660e-03 ;
kq5.r8b2             :=  4.200813107525640591e-03 ;
kq6.r8b2             := -4.186666421520331138e-03 ;
kq7.r8b2             :=  6.615246043278949842e-03 ;
kq8.r8b2             := -5.589580694705501701e-03 ;
kq9.r8b2             :=  6.836055019989562692e-03 ;
kq10.r8b2            := -6.679353601320682336e-03 ;
kqtl11.r8b2          :=  4.963646996333151559e-04 ;
kqt12.r8b2           := -2.216262761641174701e-03 ;
kqt13.r8b2           :=  1.492154590850519212e-03 ;


!lhcb- : external angle :=  75 urad, vertical sep +-1mm
acbchs5.l8b2         := -6.812780407e-07*on_x8 ;
acbchs5.l8b1         :=  0*on_x8 ;
acbwh5.l8b1          :=  1.084804161e-05*on_x8 ;
acbyhs4.l8b1         :=  1.075684423e-05*on_x8 ;
acbyhs4.l8b2         := -2.58645049e-05*on_x8 ;
acbxh1.l8            := -2.5e-05*on_x8 ;
acbxh1.r8            :=  2.5e-05*on_x8 ;
acbyhs4.r8b1         := -2.581773661e-05*on_x8 ;
acbyhs4.r8b2         :=  1.479725678e-05*on_x8 ;
acbyhs5.r8b1         := -6.970626037e-07*on_x8 ;
acbyhs5.r8b2         :=  8.615971821e-06*on_x8 ;
acbcv6.l8b1          := -1.033086906e-05*on_sep8 ;
acbcvs5.l8b2         :=  4.726694231e-06*on_sep8 ;
acbyvs4.l8b2         :=  4.242140901e-06*on_sep8 ;
acbyvs4.l8b1         := -1.158844149e-05*on_sep8 ;
acbxv1.l8            := -3e-05*on_sep8 ;
acbxv1.r8            := -3e-05*on_sep8 ;
acbyvs4.r8b2         :=  9.171543424e-06*on_sep8 ;
acbyvs4.r8b1         := -4.437426928e-06*on_sep8 ;
acbyvs5.r8b1         := -4.527535516e-06*on_sep8 ;
acbcv6.r8b2          :=  8.702918332e-06*on_sep8 ;
