beta.ip8             :=  9.00 ;

! saved on 09/07/08 14:03:29 by T.Risselada

kqx.l8               :=  8.600000000000000006e-03 ;

kq4.l8b1             := -4.280810750520698017e-03 ;
kq5.l8b1             :=  5.257549141358291642e-03 ;
kq6.l8b1             := -5.138374772558371682e-03 ;
kq7.l8b1             :=  8.230800770222680696e-03 ;
kq8.l8b1             := -5.840191545835462551e-03 ;
kq9.l8b1             :=  7.138213459012121738e-03 ;
kq10.l8b1            := -6.385973268587263191e-03 ;
kqtl11.l8b1          :=  7.086849888925661478e-04 ;
kqt12.l8b1           := -3.020479662548135671e-03 ;
kqt13.l8b1           :=  4.307234418431786678e-03 ;
kq4.r8b1             :=  4.438034955820193382e-03 ;
kq5.r8b1             := -4.191869260575780548e-03 ;
kq6.r8b1             :=  4.104844070970811547e-03 ;
kq7.r8b1             := -6.683112551888022862e-03 ;
kq8.r8b1             :=  6.713872953411192078e-03 ;
kq9.r8b1             := -7.464767381928177209e-03 ;
kq10.r8b1            :=  7.540798462636806067e-03 ;
kqtl11.r8b1          := -4.782301584202191917e-03 ;
kqt12.r8b1           := -1.810756421844059855e-03 ;
kqt13.r8b1           := -4.397081359827947553e-03 ;

kq4.l8b2             :=  4.729619971358894372e-03 ;
kq5.l8b2             := -5.212256152109735578e-03 ;
kq6.l8b2             :=  5.108575711938413352e-03 ;
kq7.l8b2             := -7.070815145029480872e-03 ;
kq8.l8b2             :=  6.290298992257911843e-03 ;
kq9.l8b2             := -5.169812894357675784e-03 ;
kq10.l8b2            :=  7.203460542278316940e-03 ;
kqtl11.l8b2          :=  1.729665171152418594e-04 ;
kqt12.l8b2           := -3.477035255050808012e-03 ;
kqt13.l8b2           :=  3.209418669465234023e-03 ;
kq4.r8b2             := -3.993195672509332675e-03 ;
kq5.r8b2             :=  4.218646363736384269e-03 ;
kq6.r8b2             := -4.108928882107757037e-03 ;
kq7.r8b2             :=  6.538389114053886481e-03 ;
kq8.r8b2             := -5.735936878825574452e-03 ;
kq9.r8b2             :=  6.815014730918536948e-03 ;
kq10.r8b2            := -6.716399459577914420e-03 ;
kqtl11.r8b2          :=  5.935297626429246985e-04 ;
kqt12.r8b2           := -4.398080730945721009e-03 ;
kqt13.r8b2           :=  1.599126043971796883e-03 ;


!lhcb- : external angle :=  65 urad, vertical sep +-1mm
acbchs5.l8b2         := -4.747530679e-06*on_x8 ;
acbchs5.l8b1         :=  0*on_x8 ;
acbwh5.l8b1          :=  1.259957015e-05*on_x8 ;
acbyhs4.l8b1         :=  3.841623939e-06*on_x8 ;
acbyhs4.l8b2         := -2.093544499e-05*on_x8 ;
acbxh1.l8            := -2e-05*on_x8 ;
acbxh1.r8            :=  2e-05*on_x8 ;
acbyhs4.r8b1         := -2.061103013e-05*on_x8 ;
acbyhs4.r8b2         :=  8.236734999e-06*on_x8 ;
acbyhs5.r8b1         := -4.827936529e-06*on_x8 ;
acbyhs5.r8b2         :=  9.966695102e-06*on_x8 ;
acbcv6.l8b1          := -1.011078518e-05*on_sep8 ;
acbcvs5.l8b2         :=  4.718599387e-06*on_sep8 ;
acbyvs4.l8b2         :=  4.174241616e-06*on_sep8 ;
acbyvs4.l8b1         := -8.670202793e-06*on_sep8 ;
acbxv1.l8            := -3e-05*on_sep8 ;
acbxv1.r8            := -3e-05*on_sep8 ;
acbyvs4.r8b2         :=  8.021582267e-06*on_sep8 ;
acbyvs4.r8b1         := -4.370524044e-06*on_sep8 ;
acbyvs5.r8b1         := -4.559237968e-06*on_sep8 ;
acbcv6.r8b2          :=  8.641432867e-06*on_sep8 ;
