beta.ip8             :=  3.50 ;

! saved on 09/07/08 14:45:54 by T.Risselada

kqx.l8               :=  8.600000000000000006e-03 ;

kq4.l8b1             := -4.065063521879512531e-03 ;
kq5.l8b1             :=  4.645175680336684210e-03 ;
kq6.l8b1             := -5.668220736503422341e-03 ;
kq7.l8b1             :=  8.565714137526263261e-03 ;
kq8.l8b1             := -5.268286662216130518e-03 ;
kq9.l8b1             :=  7.165566978169323267e-03 ;
kq10.l8b1            := -6.445582527575606513e-03 ;
kqtl11.l8b1          :=  5.349973004969480177e-04 ;
kqt12.l8b1           := -4.213650154258744007e-03 ;
kqt13.l8b1           :=  4.475569462913825750e-03 ;
kq4.r8b1             :=  3.280476863871451855e-03 ;
kq5.r8b1             := -3.347497988754956876e-03 ;
kq6.r8b1             :=  4.789597006876302084e-03 ;
kq7.r8b1             := -7.050016251425554950e-03 ;
kq8.r8b1             :=  8.201862256249069574e-03 ;
kq9.r8b1             := -7.639735361548552310e-03 ;
kq10.r8b1            :=  7.581687351339044811e-03 ;
kqtl11.r8b1          := -4.807974462135169123e-03 ;
kqt12.r8b1           := -3.488978732850433768e-04 ;
kqt13.r8b1           := -3.468987777155472119e-03 ;

kq4.l8b2             :=  4.081755201971655825e-03 ;
kq5.l8b2             := -4.481020710972854863e-03 ;
kq6.l8b2             :=  5.528167471147212887e-03 ;
kq7.l8b2             := -7.459382577057378089e-03 ;
kq8.l8b2             :=  6.461396035332742267e-03 ;
kq9.l8b2             := -5.647519082817552445e-03 ;
kq10.l8b2            :=  7.276595845323355002e-03 ;
kqtl11.l8b2          := -6.106072979781585223e-04 ;
kqt12.l8b2           := -3.386063223109672150e-03 ;
kqt13.l8b2           :=  4.830333663476254862e-03 ;
kq4.r8b2             := -3.755090984884384975e-03 ;
kq5.r8b2             :=  3.761795470198538160e-03 ;
kq6.r8b2             := -4.541245375942351212e-03 ;
kq7.r8b2             :=  7.006140649889477413e-03 ;
kq8.r8b2             := -5.431408755447758585e-03 ;
kq9.r8b2             :=  6.963628972113231411e-03 ;
kq10.r8b2            := -6.732241004343706738e-03 ;
kqtl11.r8b2          :=  4.023150662110376694e-04 ;
kqt12.r8b2           := -2.665438352519656703e-03 ;
kqt13.r8b2           :=  2.121446373734440886e-03 ;


!lhcb- : external angle :=  100 urad, vertical sep +-1mm
acbchs5.l8b2         := -1.732171004e-06*on_x8 ;
acbchs5.l8b1         :=  0*on_x8 ;
acbwh5.l8b1          :=  1.529503755e-05*on_x8 ;
acbyhs4.l8b1         :=  1.411358258e-05*on_x8 ;
acbyhs4.l8b2         := -3.392812063e-05*on_x8 ;
acbxh1.l8            := -3.3e-05*on_x8 ;
acbxh1.r8            :=  3.3e-05*on_x8 ;
acbyhs4.r8b1         := -3.360108764e-05*on_x8 ;
acbyhs4.r8b2         :=  1.948643981e-05*on_x8 ;
acbyhs5.r8b1         := -1.73253925e-06*on_x8 ;
acbyhs5.r8b2         :=  1.189021288e-05*on_x8 ;
acbcv6.l8b1          := -1.086699283e-05*on_sep8 ;
acbcvs5.l8b2         :=  4.663042809e-06*on_sep8 ;
acbyvs4.l8b2         :=  4.665072959e-06*on_sep8 ;
acbyvs4.l8b1         := -7.758877775e-06*on_sep8 ;
acbxv1.l8            := -3e-05*on_sep8 ;
acbxv1.r8            := -3e-05*on_sep8 ;
acbyvs4.r8b2         :=  6.766571479e-06*on_sep8 ;
acbyvs4.r8b1         := -5.283871602e-06*on_sep8 ;
acbyvs5.r8b1         := -4.556804033e-06*on_sep8 ;
acbcv6.r8b2          :=  8.971470779e-06*on_sep8 ;
