beta.ip8             :=  10.00 ;

! saved on 09/07/08 13:25:29 by T.Risselada

kqx.l8               :=  9.400000000000000369e-03 ;

kq4.l8b1             := -4.315244056857862366e-03 ;
kq5.l8b1             :=  5.324090972241330051e-03 ;
kq6.l8b1             := -4.710176422668492166e-03 ;
kq7.l8b1             :=  7.661160315835292139e-03 ;
kq8.l8b1             := -5.096195093347273032e-03 ;
kq9.l8b1             :=  6.704944234968249726e-03 ;
kq10.l8b1            := -6.727417718638071219e-03 ;
kqtl11.l8b1          :=  7.000050083142922517e-04 ;
kqt12.l8b1           := -2.840576784685047446e-03 ;
kqt13.l8b1           :=  9.560848543819988003e-04 ;
kq4.r8b1             :=  4.843185485048770098e-03 ;
kq5.r8b1             := -4.621746683413568285e-03 ;
kq6.r8b1             :=  3.659053425436353899e-03 ;
kq7.r8b1             := -6.161919141786399538e-03 ;
kq8.r8b1             :=  6.528727799588341513e-03 ;
kq9.r8b1             := -6.929658718824786151e-03 ;
kq10.r8b1            :=  7.471795346080707320e-03 ;
kqtl11.r8b1          := -1.613626385726057814e-03 ;
kqt12.r8b1           := -3.581954455529340418e-03 ;
kqt13.r8b1           := -2.015829916117405692e-03 ;

kq4.l8b2             :=  4.724691928000000242e-03 ;
kq5.l8b2             := -5.468203994810229458e-03 ;
kq6.l8b2             :=  4.465035692415381986e-03 ;
kq7.l8b2             := -6.431747222589361684e-03 ;
kq8.l8b2             :=  6.136187425709845392e-03 ;
kq9.l8b2             := -5.086552812094503016e-03 ;
kq10.l8b2            :=  7.202113870425711113e-03 ;
kqtl11.l8b2          :=  1.393143964302079926e-03 ;
kqt12.l8b2           := -3.735774228418704823e-03 ;
kqt13.l8b2           :=  3.135342820488910918e-03 ;
kq4.r8b2             := -4.417981592286571862e-03 ;
kq5.r8b2             :=  4.242920371925138108e-03 ;
kq6.r8b2             := -3.611386244443084113e-03 ;
kq7.r8b2             :=  5.802517052420982577e-03 ;
kq8.r8b2             := -4.997403965451943306e-03 ;
kq9.r8b2             :=  6.922979747676786047e-03 ;
kq10.r8b2            := -6.544688993577451978e-03 ;
kqtl11.r8b2          :=  3.756407691910678835e-04 ;
kqt12.r8b2           :=  2.022231400274034584e-09 ;
kqt13.r8b2           :=  2.341059617270387951e-03 ;

acbchs5.l8b2         := -1.131716417e-06*on_x8 ;
acbchs5.l8b1         :=  0*on_x8 ;
acbwh5.l8b1          :=  4.15000652e-05*on_x8 ;
acbyhs4.l8b1         :=  3.268205708e-06*on_x8 ;
acbyhs4.l8b2         := -6.103314054e-05*on_x8 ;
acbxh1.l8            := -1.2e-05*on_x8 ;
acbxh1.r8            :=  1.2e-05*on_x8 ;
acbyhs4.r8b1         := -6.107487129e-05*on_x8 ;
acbyhs4.r8b2         :=  1.551005944e-05*on_x8 ;
acbyhs5.r8b1         := -1.164669257e-06*on_x8 ;
acbyhs5.r8b2         :=  3.248966843e-05*on_x8 ;
acbcv6.l8b1          := -3.279981373e-06*on_sep8 ;
acbcvs5.l8b2         := -5.204732756e-06*on_sep8 ;
acbyvs4.l8b2         :=  2.518352133e-05*on_sep8 ;
acbyvs4.l8b1         := -1.141981859e-05*on_sep8 ;
acbxv1.l8            := -3e-05*on_sep8 ;
acbxv1.r8            := -3e-05*on_sep8 ;
acbyvs4.r8b2         :=  1.244787049e-05*on_sep8 ;
acbyvs4.r8b1         := -2.531671738e-05*on_sep8 ;
acbyvs5.r8b1         :=  5.004443824e-06*on_sep8 ;
acbcv6.r8b2          :=  2.914890624e-06*on_sep8 ;
