beta.ip8             :=  10.00 ;

! saved on 09/07/08 13:42:06 by T.Risselada

kqx.l8               :=  8.850000000000000228e-03 ;

kq4.l8b1             := -4.315244056857862366e-03 ;
kq5.l8b1             :=  5.286213339954832190e-03 ;
kq6.l8b1             := -4.960304089730205486e-03 ;
kq7.l8b1             :=  8.078564048277402793e-03 ;
kq8.l8b1             := -5.545114293597452199e-03 ;
kq9.l8b1             :=  6.961347140449926536e-03 ;
kq10.l8b1            := -6.507050482666218959e-03 ;
kqtl11.l8b1          :=  7.614588439008155608e-04 ;
kqt12.l8b1           := -4.172872940762614724e-03 ;
kqt13.l8b1           :=  3.083741961446277279e-03 ;
kq4.r8b1             :=  4.550501875819740714e-03 ;
kq5.r8b1             := -4.217724375309985299e-03 ;
kq6.r8b1             :=  3.899760958679720189e-03 ;
kq7.r8b1             := -6.313246188181034779e-03 ;
kq8.r8b1             :=  6.656652062693617540e-03 ;
kq9.r8b1             := -7.461247356771576536e-03 ;
kq10.r8b1            :=  7.561089923551497435e-03 ;
kqtl11.r8b1          := -4.323744398373640524e-03 ;
kqt12.r8b1           := -2.272563613066455688e-03 ;
kqt13.r8b1           := -4.237200748887726132e-03 ;

kq4.l8b2             :=  4.724691928000000242e-03 ;
kq5.l8b2             := -5.439977769551818457e-03 ;
kq6.l8b2             :=  4.916608741592839484e-03 ;
kq7.l8b2             := -6.802709149797928068e-03 ;
kq8.l8b2             :=  6.223347896238345424e-03 ;
kq9.l8b2             := -4.999998431039520339e-03 ;
kq10.l8b2            :=  7.231800962492439082e-03 ;
kqtl11.l8b2          :=  1.001999999999999893e-06 ;
kqt12.l8b2           := -3.196515505548323290e-03 ;
kqt13.l8b2           :=  4.226800081488070807e-03 ;
kq4.r8b2             := -4.308498604457361783e-03 ;
kq5.r8b2             :=  4.235803853191257885e-03 ;
kq6.r8b2             := -3.980440995184977848e-03 ;
kq7.r8b2             :=  6.310304917914235159e-03 ;
kq8.r8b2             := -5.249039820909457213e-03 ;
kq9.r8b2             :=  6.811180351003764261e-03 ;
kq10.r8b2            := -6.551759783658208519e-03 ;
kqtl11.r8b2          :=  3.917954305060578979e-04 ;
kqt12.r8b2           :=  2.561985117426537313e-06 ;
kqt13.r8b2           :=  1.334250582470718075e-03 ;

acbchs5.l8b2         := -5.217065273e-06*on_x8 ;
acbchs5.l8b1         :=  0*on_x8 ;
acbwh5.l8b1          :=  3.31605311e-05*on_x8 ;
acbyhs4.l8b1         :=  1.201555823e-05*on_x8 ;
acbyhs4.l8b2         := -5.797825476e-05*on_x8 ;
acbxh1.l8            := -4.2e-05*on_x8 ;
acbxh1.r8            :=  4.2e-05*on_x8 ;
acbyhs4.r8b1         := -5.7783774e-05*on_x8 ;
acbyhs4.r8b2         :=  2.229221064e-05*on_x8 ;
acbyhs5.r8b1         := -5.36169674e-06*on_x8 ;
acbyhs5.r8b2         :=  2.603517648e-05*on_x8 ;
acbcv6.l8b1          := -8.034267869e-06*on_sep8 ;
acbcvs5.l8b2         :=  1.578935939e-06*on_sep8 ;
acbyvs4.l8b2         :=  1.092036191e-05*on_sep8 ;
acbyvs4.l8b1         := -9.674555988e-06*on_sep8 ;
acbxv1.l8            := -3e-05*on_sep8 ;
acbxv1.r8            := -3e-05*on_sep8 ;
acbyvs4.r8b2         :=  1.128019808e-05*on_sep8 ;
acbyvs4.r8b1         := -1.095208668e-05*on_sep8 ;
acbyvs5.r8b1         := -1.507493934e-06*on_sep8 ;
acbcv6.r8b2          :=  7.011298143e-06*on_sep8 ;
