beta.ip8             :=  10.00 ;

! saved on 09/07/08 13:43:32 by T.Risselada

kqx.l8               :=  8.750000000000000833e-03 ;

kq4.l8b1             := -4.315244056857862366e-03 ;
kq5.l8b1             :=  5.286213339954832190e-03 ;
kq6.l8b1             := -5.013229079258154849e-03 ;
kq7.l8b1             :=  8.144204132371435367e-03 ;
kq8.l8b1             := -5.612412107004096339e-03 ;
kq9.l8b1             :=  7.017877151476667637e-03 ;
kq10.l8b1            := -6.524274288319345874e-03 ;
kqtl11.l8b1          :=  8.030564433507007870e-04 ;
kqt12.l8b1           := -5.139426570587173754e-03 ;
kqt13.l8b1           :=  3.583448470218460018e-03 ;
kq4.r8b1             :=  4.550501875819740714e-03 ;
kq5.r8b1             := -4.213830348527353685e-03 ;
kq6.r8b1             :=  3.971351643171863559e-03 ;
kq7.r8b1             := -6.445588847844037524e-03 ;
kq8.r8b1             :=  6.685485994232086976e-03 ;
kq9.r8b1             := -7.462327888131836673e-03 ;
kq10.r8b1            :=  7.554950180465953326e-03 ;
kqtl11.r8b1          := -4.455602943439200374e-03 ;
kqt12.r8b1           := -2.295548249444796102e-03 ;
kqt13.r8b1           := -3.272570845807263023e-03 ;

kq4.l8b2             :=  4.724691928000000242e-03 ;
kq5.l8b2             := -5.325613700894992093e-03 ;
kq6.l8b2             :=  4.989181807013298720e-03 ;
kq7.l8b2             := -6.863174100497789441e-03 ;
kq8.l8b2             :=  6.247854266276688801e-03 ;
kq9.l8b2             := -4.988644896869609373e-03 ;
kq10.l8b2            :=  7.215717192841054721e-03 ;
kqtl11.l8b2          :=  1.001938871505152415e-06 ;
kqt12.l8b2           := -3.204767318829624453e-03 ;
kqt13.l8b2           :=  3.974710211749893883e-03 ;
kq4.r8b2             := -4.199393034901464580e-03 ;
kq5.r8b2             :=  4.235803853191257885e-03 ;
kq6.r8b2             := -4.088219371796511688e-03 ;
kq7.r8b2             :=  6.438429302285227952e-03 ;
kq8.r8b2             := -5.502090216690094966e-03 ;
kq9.r8b2             :=  6.826862012596196169e-03 ;
kq10.r8b2            := -6.680765186365085657e-03 ;
kqtl11.r8b2          :=  4.116608189602601205e-04 ;
kqt12.r8b2           :=  3.562856201442733168e-06 ;
kqt13.r8b2           :=  1.192458111386993785e-03 ;

acbchs5.l8b2         :=  1.298234567e-06*on_x8 ;
acbchs5.l8b1         :=  0*on_x8 ;
acbwh5.l8b1          :=  2.611366323e-05*on_x8 ;
acbyhs4.l8b1         :=  2.41447391e-05*on_x8 ;
acbyhs4.l8b2         := -6.008466613e-05*on_x8 ;
acbxh1.l8            := -5e-05*on_x8 ;
acbxh1.r8            :=  5e-05*on_x8 ;
acbyhs4.r8b1         := -6.013376706e-05*on_x8 ;
acbyhs4.r8b2         :=  3.262871234e-05*on_x8 ;
acbyhs5.r8b1         :=  1.330012745e-06*on_x8 ;
acbyhs5.r8b2         :=  2.056713014e-05*on_x8 ;
acbcv6.l8b1          := -8.860776961e-06*on_sep8 ;
acbcvs5.l8b2         :=  2.832350027e-06*on_sep8 ;
acbyvs4.l8b2         :=  8.241559276e-06*on_sep8 ;
acbyvs4.l8b1         := -9.376083995e-06*on_sep8 ;
acbxv1.l8            := -3e-05*on_sep8 ;
acbxv1.r8            := -3e-05*on_sep8 ;
acbyvs4.r8b2         :=  1.023365317e-05*on_sep8 ;
acbyvs4.r8b1         := -8.301152482e-06*on_sep8 ;
acbyvs5.r8b1         := -2.716898702e-06*on_sep8 ;
acbcv6.r8b2          :=  7.678190932e-06*on_sep8 ;
