beta.ip8             :=  6.00 ;

! saved on 09/07/08 14:38:40 by T.Risselada

kqx.l8               :=  8.600000000000000006e-03 ;

kq4.l8b1             := -4.601038487931547599e-03 ;
kq5.l8b1             :=  5.116163265077646426e-03 ;
kq6.l8b1             := -5.458960518601257972e-03 ;
kq7.l8b1             :=  8.402461540830002268e-03 ;
kq8.l8b1             := -4.953266216878061956e-03 ;
kq9.l8b1             :=  7.274349369565302238e-03 ;
kq10.l8b1            := -6.674295420688120851e-03 ;
kqtl11.l8b1          :=  8.776423958408308005e-04 ;
kqt12.l8b1           := -3.571171110995243533e-03 ;
kqt13.l8b1           :=  5.112923103442234066e-03 ;
kq4.r8b1             :=  3.503593873582155991e-03 ;
kq5.r8b1             := -3.566794257344293746e-03 ;
kq6.r8b1             :=  4.213741126122036440e-03 ;
kq7.r8b1             := -6.647054891039548032e-03 ;
kq8.r8b1             :=  7.882134157391437398e-03 ;
kq9.r8b1             := -7.608283996737150688e-03 ;
kq10.r8b1            :=  7.586168730697564859e-03 ;
kqtl11.r8b1          := -4.386207369295670906e-03 ;
kqt12.r8b1           := -1.242789419352408487e-03 ;
kqt13.r8b1           := -1.697389179904254140e-03 ;

kq4.l8b2             :=  4.413762674773906783e-03 ;
kq5.l8b2             := -4.910291301907017403e-03 ;
kq6.l8b2             :=  5.238849328125269426e-03 ;
kq7.l8b2             := -7.131993706379750365e-03 ;
kq8.l8b2             :=  6.380325006604810507e-03 ;
kq9.l8b2             := -5.379411139787348105e-03 ;
kq10.l8b2            :=  7.248704192770001262e-03 ;
kqtl11.l8b2          := -3.066602610628751426e-04 ;
kqt12.l8b2           := -3.413953770374085657e-03 ;
kqt13.l8b2           :=  4.538060205166239043e-03 ;
kq4.r8b2             := -4.059977366328181535e-03 ;
kq5.r8b2             :=  4.066041661395495936e-03 ;
kq6.r8b2             := -4.300370065047194601e-03 ;
kq7.r8b2             :=  6.745531848002894390e-03 ;
kq8.r8b2             := -5.379754936600419229e-03 ;
kq9.r8b2             :=  6.915554436637516914e-03 ;
kq10.r8b2            := -6.738369129890764073e-03 ;
kqtl11.r8b2          :=  5.190601064086901350e-04 ;
kqt12.r8b2           := -2.695592581927099517e-03 ;
kqt13.r8b2           :=  1.974038168263904554e-03 ;


!lhcb- : external angle :=  85 urad, vertical sep +-1mm
acbchs5.l8b2         :=  8.836518258e-07*on_x8 ;
acbchs5.l8b1         :=  0*on_x8 ;
acbwh5.l8b1          :=  1.105429894e-05*on_x8 ;
acbyhs4.l8b1         :=  1.456045093e-05*on_x8 ;
acbyhs4.l8b2         := -2.999838238e-05*on_x8 ;
acbxh1.l8            := -2.9e-05*on_x8 ;
acbxh1.r8            :=  2.9e-05*on_x8 ;
acbyhs4.r8b1         := -3.019076038e-05*on_x8 ;
acbyhs4.r8b2         :=  1.876170956e-05*on_x8 ;
acbyhs5.r8b1         :=  8.848639457e-07*on_x8 ;
acbyhs5.r8b2         :=  8.746803165e-06*on_x8 ;
acbcv6.l8b1          := -1.05352123e-05*on_sep8 ;
acbcvs5.l8b2         :=  4.70163036e-06*on_sep8 ;
acbyvs4.l8b2         :=  4.413862714e-06*on_sep8 ;
acbyvs4.l8b1         := -1.192991107e-05*on_sep8 ;
acbxv1.l8            := -3e-05*on_sep8 ;
acbxv1.r8            := -3e-05*on_sep8 ;
acbyvs4.r8b2         :=  8.952887974e-06*on_sep8 ;
acbyvs4.r8b1         := -5.106414903e-06*on_sep8 ;
acbyvs5.r8b1         := -4.567121806e-06*on_sep8 ;
acbcv6.r8b2          :=  8.8047795e-06*on_sep8 ;
