beta.ip8             :=  10.00 ;

! saved on 09/07/08 13:23:16 by T.Risselada

kqx.l8               :=  9.509815813000000242e-03 ;

kq4.l8b1             := -4.314699693000000232e-03 ;
kq5.l8b1             :=  5.323714991999999729e-03 ;
kq6.l8b1             := -4.620212815000000056e-03 ;
kq7.l8b1             :=  7.511501829999999574e-03 ;
kq8.l8b1             := -4.711725846000000030e-03 ;
kq9.l8b1             :=  6.587504099999999703e-03 ;
kq10.l8b1            := -6.518798337000000082e-03 ;
kqtl11.l8b1          :=  6.117380790000000266e-04 ;
kqt12.l8b1           := -2.280314536999999888e-03 ;
kqt13.l8b1           :=  4.775632379999999923e-04 ;
kq4.r8b1             :=  4.852929857999999791e-03 ;
kq5.r8b1             := -4.627267275000000214e-03 ;
kq6.r8b1             :=  3.577876616999999936e-03 ;
kq7.r8b1             := -6.082300613000000272e-03 ;
kq8.r8b1             :=  6.634012733000000002e-03 ;
kq9.r8b1             := -7.159373965999999735e-03 ;
kq10.r8b1            :=  7.526580375000000399e-03 ;
kqtl11.r8b1          := -2.409252266999999982e-03 ;
kqt12.r8b1           := -3.257911867000000058e-03 ;
kqt13.r8b1           := -1.749871752000000096e-03 ;

kq4.l8b2             :=  4.724691928000000242e-03 ;
kq5.l8b2             := -5.490042102999999687e-03 ;
kq6.l8b2             :=  4.378960325999999882e-03 ;
kq7.l8b2             := -6.330385770000000398e-03 ;
kq8.l8b2             :=  6.068689771000000330e-03 ;
kq9.l8b2             := -5.067185786000000421e-03 ;
kq10.l8b2            :=  7.190704564999999930e-03 ;
kqtl11.l8b2          :=  1.748419756999999982e-03 ;
kqt12.l8b2           := -3.916550952999999641e-03 ;
kqt13.l8b2           :=  3.169392630000000127e-03 ;
kq4.r8b2             := -4.473688996000000327e-03 ;
kq5.r8b2             :=  4.256824733999999867e-03 ;
kq6.r8b2             := -3.598084712999999844e-03 ;
kq7.r8b2             :=  5.769065630000000389e-03 ;
kq8.r8b2             := -5.212427470999999798e-03 ;
kq9.r8b2             :=  6.941978698000000371e-03 ;
kq10.r8b2            := -6.495888132000000349e-03 ;
kqtl11.r8b2          :=  1.644529120000000051e-04 ;
kqt12.r8b2           :=  3.926172841999999580e-03 ;
kqt13.r8b2           :=  2.015055817000000176e-03 ;

acbchs5.l8b2         := -1.637975285e-06*on_x8 ;
acbchs5.l8b1         :=  0*on_x8 ;
acbwh5.l8b1          :=  4.381178497e-05*on_x8 ;
acbyhs4.l8b1         :=  5.8930834e-07*on_x8 ;
acbyhs4.l8b2         := -6.117672471e-05*on_x8 ;
acbxh1.l8            := -5e-06*on_x8 ;
acbxh1.r8            :=  5e-06*on_x8 ;
acbyhs4.r8b1         := -6.124153439e-05*on_x8 ;
acbyhs4.r8b2         :=  1.318113839e-05*on_x8 ;
acbyhs5.r8b1         := -1.687112101e-06*on_x8 ;
acbyhs5.r8b2         :=  3.426360381e-05*on_x8 ;
acbcv6.l8b1          := -2.289661081e-06*on_sep8 ;
acbcvs5.l8b2         := -6.522853723e-06*on_sep8 ;
acbyvs4.l8b2         :=  2.792947569e-05*on_sep8 ;
acbyvs4.l8b1         := -1.180314921e-05*on_sep8 ;
acbxv1.l8            := -3e-05*on_sep8 ;
acbxv1.r8            := -3e-05*on_sep8 ;
acbyvs4.r8b2         :=  1.264217257e-05*on_sep8 ;
acbyvs4.r8b1         := -2.810751185e-05*on_sep8 ;
acbyvs5.r8b1         :=  6.265712003e-06*on_sep8 ;
acbcv6.r8b2          :=  2.044600218e-06*on_sep8 ;
