beta.ip8             :=  4.00 ;

! saved on 09/07/08 14:44:10 by T.Risselada

kq4.l8b1             := -4.309669544582252036e-03 ;
kq5.l8b1             :=  4.802760537607632559e-03 ;
kq6.l8b1             := -5.632254044896920983e-03 ;
kq7.l8b1             :=  8.551673155933033066e-03 ;
kq8.l8b1             := -4.971413318953435759e-03 ;
kq9.l8b1             :=  7.246570754209554974e-03 ;
kq10.l8b1            := -6.695269199622671044e-03 ;
kqtl11.l8b1          :=  7.353829718618193475e-04 ;
kqt12.l8b1           := -3.955175709276821314e-03 ;
kqt13.l8b1           :=  4.832350025379000130e-03 ;
kq4.r8b1             :=  3.352002569296815612e-03 ;
kq5.r8b1             := -3.323216269375580800e-03 ;
kq6.r8b1             :=  4.581914881003536048e-03 ;
kq7.r8b1             := -6.785776810994729145e-03 ;
kq8.r8b1             :=  7.962839927623784411e-03 ;
kq9.r8b1             := -7.573697823890741983e-03 ;
kq10.r8b1            :=  7.576945053721354482e-03 ;
kqtl11.r8b1          := -4.870555563342187505e-03 ;
kqt12.r8b1           := -5.114383137657722801e-04 ;
kqt13.r8b1           := -3.458656587944116626e-03 ;

kqx.l8               :=  8.600000000000000006e-03 ;
kq4.l8b2             :=  4.160947130677579778e-03 ;
kq5.l8b2             := -4.574966819296498455e-03 ;
kq6.l8b2             :=  5.444782836328660412e-03 ;
kq7.l8b2             := -7.361912356868159125e-03 ;
kq8.l8b2             :=  6.436526875880328041e-03 ;
kq9.l8b2             := -5.608873188585403700e-03 ;
kq10.l8b2            :=  7.273715896063288715e-03 ;
kqtl11.l8b2          := -5.647265473022043030e-04 ;
kqt12.l8b2           := -3.428193678688812567e-03 ;
kqt13.l8b2           :=  4.856642817523838980e-03 ;
kq4.r8b2             := -3.830209877502982387e-03 ;
kq5.r8b2             :=  3.835935898568555453e-03 ;
kq6.r8b2             := -4.474463211669263418e-03 ;
kq7.r8b2             :=  6.936357038639083886e-03 ;
kq8.r8b2             := -5.411980669161344654e-03 ;
kq9.r8b2             :=  6.962685913449511918e-03 ;
kq10.r8b2            := -6.741342722172893528e-03 ;
kqtl11.r8b2          :=  4.395757474440474565e-04 ;
kqt12.r8b2           := -2.696445498337687961e-03 ;
kqt13.r8b2           :=  2.155001600995705164e-03 ;


!lhcb- : external angle :=  100 urad, vertical sep +-1mm
acbchs5.l8b2         := -1.733101506e-06*on_x8 ;
acbchs5.l8b1         :=  0*on_x8 ;
acbwh5.l8b1          :=  1.51961785e-05*on_x8 ;
acbyhs4.l8b1         :=  1.366596996e-05*on_x8 ;
acbyhs4.l8b2         := -3.396162043e-05*on_x8 ;
acbxh1.l8            := -3.3e-05*on_x8 ;
acbxh1.r8            :=  3.3e-05*on_x8 ;
acbyhs4.r8b1         := -3.363096979e-05*on_x8 ;
acbyhs4.r8b2         :=  1.933354879e-05*on_x8 ;
acbyhs5.r8b1         := -1.738733317e-06*on_x8 ;
acbyhs5.r8b2         :=  1.189992993e-05*on_x8 ;
acbcv6.l8b1          := -1.079911877e-05*on_sep8 ;
acbcvs5.l8b2         :=  4.670469743e-06*on_sep8 ;
acbyvs4.l8b2         :=  4.604534811e-06*on_sep8 ;
acbyvs4.l8b1         := -9.74501445e-06*on_sep8 ;
acbxv1.l8            := -3e-05*on_sep8 ;
acbxv1.r8            := -3e-05*on_sep8 ;
acbyvs4.r8b2         :=  7.30095253e-06*on_sep8 ;
acbyvs4.r8b1         := -5.223554161e-06*on_sep8 ;
acbyvs5.r8b1         := -4.542848518e-06*on_sep8 ;
acbcv6.r8b2          :=  8.930118437e-06*on_sep8 ;
