beta.ip8             :=  10.00 ;

! saved on 09/07/08 13:31:37 by T.Risselada

kqx.l8               :=  9.199999999999999845e-03 ;

kq4.l8b1             := -4.315244056857862366e-03 ;
kq5.l8b1             :=  5.324090972241330051e-03 ;
kq6.l8b1             := -4.789758608568101157e-03 ;
kq7.l8b1             :=  7.835201139741993989e-03 ;
kq8.l8b1             := -5.199567573995743722e-03 ;
kq9.l8b1             :=  6.815251278619402324e-03 ;
kq10.l8b1            := -6.582514776593937841e-03 ;
kqtl11.l8b1          :=  7.216413523912329183e-04 ;
kqt12.l8b1           := -3.255586015578562295e-03 ;
kqt13.l8b1           :=  1.984084323317416784e-03 ;
kq4.r8b1             :=  4.693064751915295048e-03 ;
kq5.r8b1             := -4.418108650095863878e-03 ;
kq6.r8b1             :=  3.732045104002823955e-03 ;
kq7.r8b1             := -6.208409643019337232e-03 ;
kq8.r8b1             :=  6.589679726544661435e-03 ;
kq9.r8b1             := -7.344075875937793041e-03 ;
kq10.r8b1            :=  7.528566508101239459e-03 ;
kqtl11.r8b1          := -2.921949079785359383e-03 ;
kqt12.r8b1           := -3.154186509410954620e-03 ;
kqt13.r8b1           := -2.023022095508010109e-03 ;

kq4.l8b2             :=  4.724691928000000242e-03 ;
kq5.l8b2             := -5.439977769551818457e-03 ;
kq6.l8b2             :=  4.624672962645412846e-03 ;
kq7.l8b2             := -6.706403136423603854e-03 ;
kq8.l8b2             :=  6.348041320721191372e-03 ;
kq9.l8b2             := -5.274907472895506294e-03 ;
kq10.l8b2            :=  7.254947697401071226e-03 ;
kqtl11.l8b2          :=  6.386831308019736602e-04 ;
kqt12.l8b2           := -3.654771871348667933e-03 ;
kqt13.l8b2           :=  4.347760365509147247e-03 ;
kq4.r8b2             := -4.301895893047511833e-03 ;
kq5.r8b2             :=  4.240177962645376962e-03 ;
kq6.r8b2             := -3.712715067012773047e-03 ;
kq7.r8b2             :=  5.964242438209160606e-03 ;
kq8.r8b2             := -5.033571897684686706e-03 ;
kq9.r8b2             :=  6.848748887313876876e-03 ;
kq10.r8b2            := -6.458008139184619016e-03 ;
kqtl11.r8b2          :=  3.340939900376707020e-04 ;
kqt12.r8b2           :=  4.532355354517106057e-04 ;
kqt13.r8b2           :=  1.835662455605442320e-03 ;

acbchs5.l8b2         := -3.461813529e-06*on_x8 ;
acbchs5.l8b1         :=  0*on_x8 ;
acbwh5.l8b1          :=  3.926093339e-05*on_x8 ;
acbyhs4.l8b1         :=  4.750504907e-06*on_x8 ;
acbyhs4.l8b2         := -5.959590858e-05*on_x8 ;
acbxh1.l8            := -2.3e-05*on_x8 ;
acbxh1.r8            :=  2.3e-05*on_x8 ;
acbyhs4.r8b1         := -5.959086582e-05*on_x8 ;
acbyhs4.r8b2         :=  1.695425347e-05*on_x8 ;
acbyhs5.r8b1         := -3.558263053e-06*on_x8 ;
acbyhs5.r8b2         :=  3.083614198e-05*on_x8 ;
acbcv6.l8b1          := -5.037517035e-06*on_sep8 ;
acbcvs5.l8b2         := -2.773746615e-06*on_sep8 ;
acbyvs4.l8b2         :=  2.009163645e-05*on_sep8 ;
acbyvs4.l8b1         := -1.074176077e-05*on_sep8 ;
acbxv1.l8            := -3e-05*on_sep8 ;
acbxv1.r8            := -3e-05*on_sep8 ;
acbyvs4.r8b2         :=  1.175668184e-05*on_sep8 ;
acbyvs4.r8b1         := -2.009750122e-05*on_sep8 ;
acbyvs5.r8b1         :=  2.659236882e-06*on_sep8 ;
acbcv6.r8b2          :=  4.44021545e-06*on_sep8 ;
