beta.ip8             :=  5.50 ;

! saved on 09/07/08 14:40:06 by T.Risselada

kqx.l8               :=  8.600000000000000006e-03 ;

kq4.l8b1             := -4.533688312664309501e-03 ;
kq5.l8b1             :=  5.046449809114074078e-03 ;
kq6.l8b1             := -5.493454944900450464e-03 ;
kq7.l8b1             :=  8.426348607333619331e-03 ;
kq8.l8b1             := -4.960742234427221314e-03 ;
kq9.l8b1             :=  7.270035514194690511e-03 ;
kq10.l8b1            := -6.692604326026752905e-03 ;
kqtl11.l8b1          :=  8.526322491105961694e-04 ;
kqt12.l8b1           := -3.724859400676449120e-03 ;
kqt13.l8b1           :=  5.056764378023659301e-03 ;
kq4.r8b1             :=  3.456343742856691267e-03 ;
kq5.r8b1             := -3.494287147646383835e-03 ;
kq6.r8b1             :=  4.290245099556023838e-03 ;
kq7.r8b1             := -6.667941929223536804e-03 ;
kq8.r8b1             :=  7.927803159520933549e-03 ;
kq9.r8b1             := -7.612318307510388543e-03 ;
kq10.r8b1            :=  7.586493577683508377e-03 ;
kqtl11.r8b1          := -4.498562858280537140e-03 ;
kqt12.r8b1           := -1.078082322092111184e-03 ;
kqt13.r8b1           := -1.979400805652802367e-03 ;

kq4.l8b2             :=  4.367888586397206292e-03 ;
kq5.l8b2             := -4.843613631534138438e-03 ;
kq6.l8b2             :=  5.275259365480579853e-03 ;
kq7.l8b2             := -7.165374028377650452e-03 ;
kq8.l8b2             :=  6.372786523198884466e-03 ;
kq9.l8b2             := -5.435753691140014776e-03 ;
kq10.l8b2            :=  7.257532042306100162e-03 ;
kqtl11.l8b2          := -3.897075741618246801e-04 ;
kqt12.l8b2           := -3.468050203779908178e-03 ;
kqt13.l8b2           :=  4.845254737756199241e-03 ;
kq4.r8b2             := -4.013158647694916106e-03 ;
kq5.r8b2             :=  4.016211900289240293e-03 ;
kq6.r8b2             := -4.334441058686239537e-03 ;
kq7.r8b2             :=  6.783149777597645598e-03 ;
kq8.r8b2             := -5.374455288820910968e-03 ;
kq9.r8b2             :=  6.930859481020123190e-03 ;
kq10.r8b2            := -6.744307281533705803e-03 ;
kqtl11.r8b2          :=  5.090220328201289180e-04 ;
kqt12.r8b2           := -2.750798929688265219e-03 ;
kqt13.r8b2           :=  2.048961119856905835e-03 ;


!lhcb- : external angle :=  85 urad, vertical sep +-1mm
acbchs5.l8b2         :=  8.836652315e-07*on_x8 ;
acbchs5.l8b1         :=  0*on_x8 ;
acbwh5.l8b1          :=  1.107393157e-05*on_x8 ;
acbyhs4.l8b1         :=  1.464955919e-05*on_x8 ;
acbyhs4.l8b2         := -3.000837641e-05*on_x8 ;
acbxh1.l8            := -2.9e-05*on_x8 ;
acbxh1.r8            :=  2.9e-05*on_x8 ;
acbyhs4.r8b1         := -3.020045668e-05*on_x8 ;
acbyhs4.r8b2         :=  1.883063086e-05*on_x8 ;
acbyhs5.r8b1         :=  8.850599807e-07*on_x8 ;
acbyhs5.r8b2         :=  8.74090156e-06*on_x8 ;
acbcv6.l8b1          := -1.05895346e-05*on_sep8 ;
acbcvs5.l8b2         :=  4.694760955e-06*on_sep8 ;
acbyvs4.l8b2         :=  4.448101553e-06*on_sep8 ;
acbyvs4.l8b1         := -1.141457427e-05*on_sep8 ;
acbxv1.l8            := -3e-05*on_sep8 ;
acbxv1.r8            := -3e-05*on_sep8 ;
acbyvs4.r8b2         :=  8.619393457e-06*on_sep8 ;
acbyvs4.r8b1         := -5.142960322e-06*on_sep8 ;
acbyvs5.r8b1         := -4.560129514e-06*on_sep8 ;
acbcv6.r8b2          :=  8.832519143e-06*on_sep8 ;
