beta.ip8             :=  10.00 ;

! saved on 09/07/08 13:30:39 by T.Risselada

kqx.l8               :=  9.249999999999999542e-03 ;

kq4.l8b1             := -4.315244056857862366e-03 ;
kq5.l8b1             :=  5.324090972241330051e-03 ;
kq6.l8b1             := -4.785314547227042907e-03 ;
kq7.l8b1             :=  7.803797687938096583e-03 ;
kq8.l8b1             := -5.236036001054017452e-03 ;
kq9.l8b1             :=  6.802783023398285660e-03 ;
kq10.l8b1            := -6.697087457472368152e-03 ;
kqtl11.l8b1          :=  7.465257257004093237e-04 ;
kqt12.l8b1           := -3.406260464078217625e-03 ;
kqt13.l8b1           :=  1.744620223961463419e-03 ;
kq4.r8b1             :=  4.739617167127068049e-03 ;
kq5.r8b1             := -4.473224631607515892e-03 ;
kq6.r8b1             :=  3.712357049160536649e-03 ;
kq7.r8b1             := -6.163064818916723711e-03 ;
kq8.r8b1             :=  6.539361423896590184e-03 ;
kq9.r8b1             := -7.172102429586524851e-03 ;
kq10.r8b1            :=  7.501397776471775691e-03 ;
kqtl11.r8b1          := -2.348297559123563912e-03 ;
kqt12.r8b1           := -3.380971696920934133e-03 ;
kqt13.r8b1           := -1.983276750262595069e-03 ;

kq4.l8b2             :=  4.724691928000000242e-03 ;
kq5.l8b2             := -5.453598323013394283e-03 ;
kq6.l8b2             :=  4.590948692057848605e-03 ;
kq7.l8b2             := -6.732462102680844551e-03 ;
kq8.l8b2             :=  6.381516984509248702e-03 ;
kq9.l8b2             := -5.341058453881059563e-03 ;
kq10.l8b2            :=  7.268204434365108449e-03 ;
kqtl11.l8b2          :=  7.462675817434816228e-04 ;
kqt12.l8b2           := -3.872543886222264836e-03 ;
kqt13.l8b2           :=  5.139428189590391702e-03 ;
kq4.r8b2             := -4.347638199481134759e-03 ;
kq5.r8b2             :=  4.240177962645376962e-03 ;
kq6.r8b2             := -3.671130088955247128e-03 ;
kq7.r8b2             :=  5.902580226765581292e-03 ;
kq8.r8b2             := -4.923019611252731423e-03 ;
kq9.r8b2             :=  6.851891498638055036e-03 ;
kq10.r8b2            := -6.409507630985699506e-03 ;
kqtl11.r8b2          :=  3.405605742088876919e-04 ;
kqt12.r8b2           :=  2.610130580830710668e-10 ;
kqt13.r8b2           :=  2.012409306796652479e-03 ;

acbchs5.l8b2         := -3.602079359e-06*on_x8 ;
acbchs5.l8b1         :=  0*on_x8 ;
acbwh5.l8b1          :=  4.034739493e-05*on_x8 ;
acbyhs4.l8b1         :=  3.380169511e-06*on_x8 ;
acbyhs4.l8b2         := -5.968808954e-05*on_x8 ;
acbxh1.l8            := -2e-05*on_x8 ;
acbxh1.r8            :=  2e-05*on_x8 ;
acbyhs4.r8b1         := -5.9725779e-05*on_x8 ;
acbyhs4.r8b2         :=  1.56689697e-05*on_x8 ;
acbyhs5.r8b1         := -3.705152661e-06*on_x8 ;
acbyhs5.r8b2         :=  3.164772898e-05*on_x8 ;
acbcv6.l8b1          := -4.605721141e-06*on_sep8 ;
acbcvs5.l8b2         := -3.386360411e-06*on_sep8 ;
acbyvs4.l8b2         :=  2.137506715e-05*on_sep8 ;
acbyvs4.l8b1         := -1.09087159e-05*on_sep8 ;
acbxv1.l8            := -3e-05*on_sep8 ;
acbxv1.r8            := -3e-05*on_sep8 ;
acbyvs4.r8b2         :=  1.203845393e-05*on_sep8 ;
acbyvs4.r8b1         := -2.140726827e-05*on_sep8 ;
acbyvs5.r8b1         :=  3.24773075e-06*on_sep8 ;
acbcv6.r8b2          :=  4.068608974e-06*on_sep8 ;
