beta.ip8             :=  7.00 ;

! saved on 09/07/08 14:36:29 by T.Risselada

kqx.l8               :=  8.600000000000000006e-03 ;

kq4.l8b1             := -4.701686211207334667e-03 ;
kq5.l8b1             :=  5.222360535695069576e-03 ;
kq6.l8b1             := -5.409451345125627746e-03 ;
kq7.l8b1             :=  8.378855666118434006e-03 ;
kq8.l8b1             := -4.983949977587168872e-03 ;
kq9.l8b1             :=  7.263588385171753509e-03 ;
kq10.l8b1            := -6.673167737256031212e-03 ;
kqtl11.l8b1          :=  9.254421212571385062e-04 ;
kqt12.l8b1           := -3.652644754958433038e-03 ;
kqt13.l8b1           :=  5.062138956239021007e-03 ;
kq4.r8b1             :=  4.262808660514951636e-03 ;
kq5.r8b1             := -3.904812553673127438e-03 ;
kq6.r8b1             :=  4.152545427400743810e-03 ;
kq7.r8b1             := -6.550912975265976365e-03 ;
kq8.r8b1             :=  6.632382397686401206e-03 ;
kq9.r8b1             := -7.466530039269370610e-03 ;
kq10.r8b1            :=  7.538765631097164334e-03 ;
kqtl11.r8b1          := -4.569418784835862536e-03 ;
kqt12.r8b1           := -2.206565404168947184e-03 ;
kqt13.r8b1           := -2.780207339280132452e-03 ;

kq4.l8b2             :=  4.538859435754099593e-03 ;
kq5.l8b2             := -5.072432011050508581e-03 ;
kq6.l8b2             :=  5.178869581362189299e-03 ;
kq7.l8b2             := -7.063146689934472582e-03 ;
kq8.l8b2             :=  6.316164464537834394e-03 ;
kq9.l8b2             := -5.236274070879703112e-03 ;
kq10.l8b2            :=  7.233280068250289886e-03 ;
kqtl11.l8b2          := -2.237028053506058588e-04 ;
kqt12.l8b2           := -3.368557440459552400e-03 ;
kqt13.l8b2           :=  4.328357052135556847e-03 ;
kq4.r8b2             := -4.121407802830494467e-03 ;
kq5.r8b2             :=  4.146921972468869781e-03 ;
kq6.r8b2             := -4.241936323936718566e-03 ;
kq7.r8b2             :=  6.677826728819710733e-03 ;
kq8.r8b2             := -5.436469585641572760e-03 ;
kq9.r8b2             :=  6.876287773349574507e-03 ;
kq10.r8b2            := -6.712444863539333492e-03 ;
kqtl11.r8b2          :=  5.157143840274509144e-04 ;
kqt12.r8b2           := -2.432143479804513286e-03 ;
kqt13.r8b2           :=  1.741768975239589481e-03 ;


!lhcb- : external angle :=  75 urad, vertical sep +-1mm
acbchs5.l8b2         := -6.806996199e-07*on_x8 ;
acbchs5.l8b1         :=  0*on_x8 ;
acbwh5.l8b1          :=  1.081705994e-05*on_x8 ;
acbyhs4.l8b1         :=  1.061615256e-05*on_x8 ;
acbyhs4.l8b2         := -2.584672401e-05*on_x8 ;
acbxh1.l8            := -2.5e-05*on_x8 ;
acbxh1.r8            :=  2.5e-05*on_x8 ;
acbyhs4.r8b1         := -2.580390261e-05*on_x8 ;
acbyhs4.r8b2         :=  1.478087745e-05*on_x8 ;
acbyhs5.r8b1         := -6.95742837e-07*on_x8 ;
acbyhs5.r8b2         :=  8.594877661e-06*on_x8 ;
acbcv6.l8b1          := -1.045428683e-05*on_sep8 ;
acbcvs5.l8b2         :=  4.716666519e-06*on_sep8 ;
acbyvs4.l8b2         :=  4.320124956e-06*on_sep8 ;
acbyvs4.l8b1         := -1.270238123e-05*on_sep8 ;
acbxv1.l8            := -3e-05*on_sep8 ;
acbxv1.r8            := -3e-05*on_sep8 ;
acbyvs4.r8b2         :=  9.361125909e-06*on_sep8 ;
acbyvs4.r8b1         := -4.500648359e-06*on_sep8 ;
acbyvs5.r8b1         := -4.529012086e-06*on_sep8 ;
acbcv6.r8b2          :=  8.754768527e-06*on_sep8 ;
