beta.ip8             :=  10.00 ;

! saved on 09/07/08 13:26:41 by T.Risselada

kqx.l8               :=  9.350000000000000672e-03 ;

kq4.l8b1             := -4.315244056857862366e-03 ;
kq5.l8b1             :=  5.324090972241330051e-03 ;
kq6.l8b1             := -4.728206388310569885e-03 ;
kq7.l8b1             :=  7.705621027891613670e-03 ;
kq8.l8b1             := -5.074427179147408123e-03 ;
kq9.l8b1             :=  6.732812065150352472e-03 ;
kq10.l8b1            := -6.679319555364322640e-03 ;
kqtl11.l8b1          :=  7.184328376415213260e-04 ;
kqt12.l8b1           := -3.227927545433837211e-03 ;
kqt13.l8b1           :=  1.295714214845721185e-03 ;
kq4.r8b1             :=  4.810623688868327814e-03 ;
kq5.r8b1             := -4.600534196986342909e-03 ;
kq6.r8b1             :=  3.683507988885541956e-03 ;
kq7.r8b1             := -6.198501033546002272e-03 ;
kq8.r8b1             :=  6.531389997460950066e-03 ;
kq9.r8b1             := -7.016361359074523192e-03 ;
kq10.r8b1            :=  7.481755614495996277e-03 ;
kqtl11.r8b1          := -1.852969423768054602e-03 ;
kqt12.r8b1           := -3.515549777432671816e-03 ;
kqt13.r8b1           := -2.021416140392210715e-03 ;

kq4.l8b2             :=  4.724691928000000242e-03 ;
kq5.l8b2             := -5.468478657055265806e-03 ;
kq6.l8b2             :=  4.509819231002457594e-03 ;
kq7.l8b2             := -6.500865640312255243e-03 ;
kq8.l8b2             :=  6.175200522645964314e-03 ;
kq9.l8b2             := -5.116745576354339055e-03 ;
kq10.l8b2            :=  7.215717038860475566e-03 ;
kqtl11.l8b2          :=  1.103096545044872975e-03 ;
kqt12.l8b2           := -3.567629174282141349e-03 ;
kqt13.l8b2           :=  3.077531368427313067e-03 ;
kq4.r8b2             := -4.416987740668684194e-03 ;
kq5.r8b2             :=  4.242920371925138108e-03 ;
kq6.r8b2             := -3.633919738473018624e-03 ;
kq7.r8b2             :=  5.829623557859252639e-03 ;
kq8.r8b2             := -4.954367753078986643e-03 ;
kq9.r8b2             :=  6.900201371544332531e-03 ;
kq10.r8b2            := -6.490191828932037783e-03 ;
kqtl11.r8b2          :=  3.666203000587144848e-04 ;
kqt12.r8b2           :=  2.000000000000000125e-09 ;
kqt13.r8b2           :=  2.226242053772518360e-03 ;

acbchs5.l8b2         := -1.223983918e-06*on_x8 ;
acbchs5.l8b1         :=  0*on_x8 ;
acbwh5.l8b1          :=  4.062796714e-05*on_x8 ;
acbyhs4.l8b1         :=  4.189587765e-06*on_x8 ;
acbyhs4.l8b2         := -6.085111111e-05*on_x8 ;
acbxh1.l8            := -1.5e-05*on_x8 ;
acbxh1.r8            :=  1.5e-05*on_x8 ;
acbyhs4.r8b1         := -6.088589917e-05*on_x8 ;
acbyhs4.r8b2         :=  1.617968646e-05*on_x8 ;
acbyhs5.r8b1         := -1.258684774e-06*on_x8 ;
acbyhs5.r8b2         :=  3.180783145e-05*on_x8 ;
acbcv6.l8b1          := -3.723674879e-06*on_sep8 ;
acbcvs5.l8b2         := -4.602397193e-06*on_sep8 ;
acbyvs4.l8b2         :=  2.392103584e-05*on_sep8 ;
acbyvs4.l8b1         := -1.124760417e-05*on_sep8 ;
acbxv1.l8            := -3e-05*on_sep8 ;
acbxv1.r8            := -3e-05*on_sep8 ;
acbyvs4.r8b2         :=  1.241015267e-05*on_sep8 ;
acbyvs4.r8b1         := -2.401490045e-05*on_sep8 ;
acbyvs5.r8b1         :=  4.425465472e-06*on_sep8 ;
acbcv6.r8b2          :=  3.306549978e-06*on_sep8 ;
