beta.ip8             :=  4.50 ;

! saved on 09/07/08 14:42:42 by T.Risselada

kqx.l8               :=  8.600000000000000006e-03 ;

kq4.l8b1             := -4.389421762610006515e-03 ;
kq5.l8b1             :=  4.890775665282679624e-03 ;
kq6.l8b1             := -5.574070523841387348e-03 ;
kq7.l8b1             :=  8.497130796079119600e-03 ;
kq8.l8b1             := -4.958293053997394131e-03 ;
kq9.l8b1             :=  7.252045690903712212e-03 ;
kq10.l8b1            := -6.675367110559953313e-03 ;
kqtl11.l8b1          :=  7.682100412672810070e-04 ;
kqt12.l8b1           := -3.787223488775404417e-03 ;
kqt13.l8b1           :=  4.904623652087413029e-03 ;
kq4.r8b1             :=  3.378692495014870220e-03 ;
kq5.r8b1             := -3.388151729687979580e-03 ;
kq6.r8b1             :=  4.481608787317287526e-03 ;
kq7.r8b1             := -6.738073292494194469e-03 ;
kq8.r8b1             :=  7.978761259847892348e-03 ;
kq9.r8b1             := -7.592065960194815423e-03 ;
kq10.r8b1            :=  7.577934124171483571e-03 ;
kqtl11.r8b1          := -4.731562390585398147e-03 ;
kqt12.r8b1           := -6.343771487948014461e-04 ;
kqt13.r8b1           := -3.316864717996007364e-03 ;

kq4.l8b2             :=  4.234563029830265210e-03 ;
kq5.l8b2             := -4.667011104125905370e-03 ;
kq6.l8b2             :=  5.376790741716820123e-03 ;
kq7.l8b2             := -7.283046087959572402e-03 ;
kq8.l8b2             :=  6.415374643253079871e-03 ;
kq9.l8b2             := -5.561579075565950721e-03 ;
kq10.l8b2            :=  7.270029654106802477e-03 ;
kqtl11.l8b2          := -5.112771207053780700e-04 ;
kqt12.l8b2           := -3.461844432384523530e-03 ;
kqt13.l8b2           :=  4.906076571957429869e-03 ;
kq4.r8b2             := -3.897778840619401525e-03 ;
kq5.r8b2             :=  3.902253165475605065e-03 ;
kq6.r8b2             := -4.419712502710458450e-03 ;
kq7.r8b2             :=  6.877665066704361473e-03 ;
kq8.r8b2             := -5.395722834943758595e-03 ;
kq9.r8b2             :=  6.955964522451795612e-03 ;
kq10.r8b2            := -6.745621967316228242e-03 ;
kqtl11.r8b2          :=  4.686163154581995884e-04 ;
kqt12.r8b2           := -2.719253666429970271e-03 ;
kqt13.r8b2           :=  2.147416861332395680e-03 ;


!lhcb- : external angle :=  85 urad, vertical sep +-1mm
acbchs5.l8b2         :=  8.832924087e-07*on_x8 ;
acbchs5.l8b1         :=  0*on_x8 ;
acbwh5.l8b1          :=  1.111617527e-05*on_x8 ;
acbyhs4.l8b1         :=  1.484116478e-05*on_x8 ;
acbyhs4.l8b2         := -3.003734577e-05*on_x8 ;
acbxh1.l8            := -2.9e-05*on_x8 ;
acbxh1.r8            :=  2.9e-05*on_x8 ;
acbyhs4.r8b1         := -3.021639722e-05*on_x8 ;
acbyhs4.r8b2         :=  1.900162841e-05*on_x8 ;
acbyhs5.r8b1         :=  8.850546146e-07*on_x8 ;
acbyhs5.r8b2         :=  8.729651694e-06*on_x8 ;
acbcv6.l8b1          := -1.071803498e-05*on_sep8 ;
acbcvs5.l8b2         :=  4.678355513e-06*on_sep8 ;
acbyvs4.l8b2         :=  4.548605233e-06*on_sep8 ;
acbyvs4.l8b1         := -1.033285598e-05*on_sep8 ;
acbxv1.l8            := -3e-05*on_sep8 ;
acbxv1.r8            := -3e-05*on_sep8 ;
acbyvs4.r8b2         :=  7.785750099e-06*on_sep8 ;
acbyvs4.r8b1         := -5.203630226e-06*on_sep8 ;
acbyvs5.r8b1         := -4.551101047e-06*on_sep8 ;
acbcv6.r8b2          :=  8.89385827e-06*on_sep8 ;
