beta.ip8             :=  9.50 ;

! saved on 09/07/08 14:02:25 by T.Risselada

kqx.l8               :=  8.600000000000000006e-03 ;

kq4.l8b1             := -4.295705757803806174e-03 ;
kq5.l8b1             :=  5.272856075236435382e-03 ;
kq6.l8b1             := -5.117080122532479368e-03 ;
kq7.l8b1             :=  8.239552767014617432e-03 ;
kq8.l8b1             := -5.849695566468093161e-03 ;
kq9.l8b1             :=  7.104242926946506727e-03 ;
kq10.l8b1            := -6.385228342797269474e-03 ;
kqtl11.l8b1          :=  7.061629409808720852e-04 ;
kqt12.l8b1           := -3.036505415694914795e-03 ;
kqt13.l8b1           :=  4.046790183103945830e-03 ;
kq4.r8b1             :=  4.421079203827754656e-03 ;
kq5.r8b1             := -4.208559584266409297e-03 ;
kq6.r8b1             :=  4.082614224981423283e-03 ;
kq7.r8b1             := -6.668638097151262031e-03 ;
kq8.r8b1             :=  6.814049313082267550e-03 ;
kq9.r8b1             := -7.460520688889256402e-03 ;
kq10.r8b1            :=  7.546635166021817276e-03 ;
kqtl11.r8b1          := -4.780069212174422634e-03 ;
kqt12.r8b1           := -1.759948840172711896e-03 ;
kqt13.r8b1           := -4.149271925414326281e-03 ;

kq4.l8b2             :=  4.727815806780790407e-03 ;
kq5.l8b2             := -5.241023378810064082e-03 ;
kq6.l8b2             :=  5.090598677473794943e-03 ;
kq7.l8b2             := -7.077974929190405072e-03 ;
kq8.l8b2             :=  6.369538718470638995e-03 ;
kq9.l8b2             := -5.189035422772561579e-03 ;
kq10.l8b2            :=  7.209576835831657017e-03 ;
kqtl11.l8b2          :=  4.501550516519650018e-05 ;
kqt12.l8b2           := -3.269099121755274402e-03 ;
kqt13.l8b2           :=  2.676668501034439734e-03 ;
kq4.r8b2             := -3.933752205045474952e-03 ;
kq5.r8b2             :=  4.227871959894688274e-03 ;
kq6.r8b2             := -4.060350251334592792e-03 ;
kq7.r8b2             :=  6.510487797391986339e-03 ;
kq8.r8b2             := -5.839604651902784334e-03 ;
kq9.r8b2             :=  6.793307630288343384e-03 ;
kq10.r8b2            := -6.683388936578636870e-03 ;
kqtl11.r8b2          :=  5.685177055818089542e-04 ;
kqt12.r8b2           := -4.154497983921139927e-03 ;
kqt13.r8b2           :=  1.463411853254344315e-03 ;

!lhcb- : external angle :=  65 urad, vertical sep +-1mm
acbchs5.l8b2         := -4.743304032e-06*on_x8 ;
acbchs5.l8b1         :=  0*on_x8 ;
acbwh5.l8b1          :=  1.259460421e-05*on_x8 ;
acbyhs4.l8b1         :=  3.819124722e-06*on_x8 ;
acbyhs4.l8b2         := -2.093239732e-05*on_x8 ;
acbxh1.l8            := -2e-05*on_x8 ;
acbxh1.r8            :=  2e-05*on_x8 ;
acbyhs4.r8b1         := -2.059000545e-05*on_x8 ;
acbyhs4.r8b2         :=  8.341401907e-06*on_x8 ;
acbyhs5.r8b1         := -4.822239495e-06*on_x8 ;
acbyhs5.r8b2         :=  9.987666687e-06*on_x8 ;
acbcv6.l8b1          := -1.00937434e-05*on_sep8 ;
acbcvs5.l8b2         :=  4.724571269e-06*on_sep8 ;
acbyvs4.l8b2         :=  4.176700215e-06*on_sep8 ;
acbyvs4.l8b1         := -8.782427935e-06*on_sep8 ;
acbxv1.l8            := -3e-05*on_sep8 ;
acbxv1.r8            := -3e-05*on_sep8 ;
acbyvs4.r8b2         :=  7.453493834e-06*on_sep8 ;
acbyvs4.r8b1         := -4.384588884e-06*on_sep8 ;
acbyvs5.r8b1         := -4.564577729e-06*on_sep8 ;
acbcv6.r8b2          :=  8.61080845e-06*on_sep8 ;
