beta.ip8             :=  8.50 ;

! saved on 09/07/08 14:04:56 by T.Risselada

kqx.l8               :=  8.600000000000000006e-03 ;

kq4.l8b1             := -4.461341733667131132e-03 ;
kq5.l8b1             :=  5.268898563395611571e-03 ;
kq6.l8b1             := -5.253388126558551294e-03 ;
kq7.l8b1             :=  8.285782381199481919e-03 ;
kq8.l8b1             := -5.583697424804483569e-03 ;
kq9.l8b1             :=  7.174103745814670689e-03 ;
kq10.l8b1            := -6.461863242704792877e-03 ;
kqtl11.l8b1          :=  7.652509930846762131e-04 ;
kqt12.l8b1           := -2.928076724098273471e-03 ;
kqt13.l8b1           :=  4.497192249883969969e-03 ;
kq4.r8b1             :=  4.400442236347542301e-03 ;
kq5.r8b1             := -4.089947786210874209e-03 ;
kq6.r8b1             :=  4.102419347301117063e-03 ;
kq7.r8b1             := -6.535320943246327244e-03 ;
kq8.r8b1             :=  6.631163026642669656e-03 ;
kq9.r8b1             := -7.452610573405892350e-03 ;
kq10.r8b1            :=  7.535871208225551794e-03 ;
kqtl11.r8b1          := -4.859476732770122084e-03 ;
kqt12.r8b1           := -1.747030546258174222e-03 ;
kqt13.r8b1           := -4.819564006741770476e-03 ;

kq4.l8b2             :=  4.688526157833663825e-03 ;
kq5.l8b2             := -5.238650028389484417e-03 ;
kq6.l8b2             :=  5.118278370025525388e-03 ;
kq7.l8b2             := -7.044222331704161691e-03 ;
kq8.l8b2             :=  6.307859972830922451e-03 ;
kq9.l8b2             := -5.152955917989547087e-03 ;
kq10.l8b2            :=  7.223314519907007847e-03 ;
kqtl11.l8b2          := -1.046683887588593139e-04 ;
kqt12.l8b2           := -3.382374976385094361e-03 ;
kqt13.l8b2           :=  4.096951982491415199e-03 ;
kq4.r8b2             := -4.067798373771205032e-03 ;
kq5.r8b2             :=  4.212859907978647352e-03 ;
kq6.r8b2             := -4.147516571350130798e-03 ;
kq7.r8b2             :=  6.574615613592552435e-03 ;
kq8.r8b2             := -5.649965678485908797e-03 ;
kq9.r8b2             :=  6.816617199002512027e-03 ;
kq10.r8b2            := -6.665090661975370603e-03 ;
kqtl11.r8b2          :=  5.166605105118678631e-04 ;
kqt12.r8b2           := -2.860886261489286372e-03 ;
kqt13.r8b2           :=  1.470312025177506225e-03 ;


!lhcb- : external angle :=  65 urad, vertical sep +-1mm
acbchs5.l8b2         := -4.73589564e-06*on_x8 ;
acbchs5.l8b1         :=  0*on_x8 ;
acbwh5.l8b1          :=  1.25395942e-05*on_x8 ;
acbyhs4.l8b1         :=  3.569746741e-06*on_x8 ;
acbyhs4.l8b2         := -2.088409649e-05*on_x8 ;
acbxh1.l8            := -2e-05*on_x8 ;
acbxh1.r8            :=  2e-05*on_x8 ;
acbyhs4.r8b1         := -2.056850422e-05*on_x8 ;
acbyhs4.r8b2         :=  8.106178776e-06*on_x8 ;
acbyhs5.r8b1         := -4.834690978e-06*on_x8 ;
acbyhs5.r8b2         :=  9.942824381e-06*on_x8 ;
acbcv6.l8b1          := -1.023027631e-05*on_sep8 ;
acbcvs5.l8b2         :=  4.729419448e-06*on_sep8 ;
acbyvs4.l8b2         :=  4.207612829e-06*on_sep8 ;
acbyvs4.l8b1         := -1.033929426e-05*on_sep8 ;
acbxv1.l8            := -3e-05*on_sep8 ;
acbxv1.r8            := -3e-05*on_sep8 ;
acbyvs4.r8b2         :=  8.726505112e-06*on_sep8 ;
acbyvs4.r8b1         := -4.396986717e-06*on_sep8 ;
acbyvs5.r8b1         := -4.545205337e-06*on_sep8 ;
acbcv6.r8b2          :=  8.674925951e-06*on_sep8 ;
