beta.ip8             :=  10.00 ;

! saved on 09/07/08 13:36:28 by T.Risselada

kqx.l8               :=  9.150000000000000147e-03 ;

kq4.l8b1             := -4.315244056857862366e-03 ;
kq5.l8b1             :=  5.324090972241330051e-03 ;
kq6.l8b1             := -4.816070173683213197e-03 ;
kq7.l8b1             :=  7.876367916561129515e-03 ;
kq8.l8b1             := -5.257046589583937689e-03 ;
kq9.l8b1             :=  6.849248095967204290e-03 ;
kq10.l8b1            := -6.591769777182759048e-03 ;
kqtl11.l8b1          :=  7.454741584028629683e-04 ;
kqt12.l8b1           := -3.553839154457956017e-03 ;
kqt13.l8b1           :=  2.239159930293391047e-03 ;
kq4.r8b1             :=  4.647981133043077237e-03 ;
kq5.r8b1             := -4.364004038961274631e-03 ;
kq6.r8b1             :=  3.749096882813378329e-03 ;
kq7.r8b1             := -6.214915133132901948e-03 ;
kq8.r8b1             :=  6.610057209205915524e-03 ;
kq9.r8b1             := -7.391168091931595192e-03 ;
kq10.r8b1            :=  7.534683837582712741e-03 ;
kqtl11.r8b1          := -3.104611048752160471e-03 ;
kqt12.r8b1           := -3.075433983168175157e-03 ;
kqt13.r8b1           := -2.023700895638073059e-03 ;

kq4.l8b2             :=  4.724691928000000242e-03 ;
kq5.l8b2             := -5.439977769551818457e-03 ;
kq6.l8b2             :=  4.655669654927823212e-03 ;
kq7.l8b2             := -6.762677909206015955e-03 ;
kq8.l8b2             :=  6.412882316166085457e-03 ;
kq9.l8b2             := -5.282445704891646117e-03 ;
kq10.l8b2            :=  7.265758619130085506e-03 ;
kqtl11.l8b2          :=  6.902412121417762260e-04 ;
kqt12.l8b2           := -3.856678980084586074e-03 ;
kqt13.l8b2           :=  5.139426570587173754e-03 ;
kq4.r8b2             := -4.303042722257405771e-03 ;
kq5.r8b2             :=  4.239692569007296775e-03 ;
kq6.r8b2             := -3.736916452429174269e-03 ;
kq7.r8b2             :=  5.986874100170785397e-03 ;
kq8.r8b2             := -5.032695588752482754e-03 ;
kq9.r8b2             :=  6.822712111538797169e-03 ;
kq10.r8b2            := -6.460514538003758397e-03 ;
kqtl11.r8b2          :=  3.665592326940415781e-04 ;
kqt12.r8b2           :=  2.000000000000000125e-09 ;
kqt13.r8b2           :=  1.871829050648038699e-03 ;

acbchs5.l8b2         := -8.023594013e-07*on_x8 ;
acbchs5.l8b1         :=  0*on_x8 ;
acbwh5.l8b1          :=  3.637821693e-05*on_x8 ;
acbyhs4.l8b1         :=  9.470599176e-06*on_x8 ;
acbyhs4.l8b2         := -6.04253179e-05*on_x8 ;
acbxh1.l8            := -2.7e-05*on_x8 ;
acbxh1.r8            :=  2.7e-05*on_x8 ;
acbyhs4.r8b1         := -6.041498618e-05*on_x8 ;
acbyhs4.r8b2         :=  2.07724686e-05*on_x8 ;
acbyhs5.r8b1         := -8.244868831e-07*on_x8 ;
acbyhs5.r8b2         :=  2.857050137e-05*on_x8 ;
acbcv6.l8b1          := -5.470713468e-06*on_sep8 ;
acbcvs5.l8b2         := -2.160197978e-06*on_sep8 ;
acbyvs4.l8b2         :=  1.880102247e-05*on_sep8 ;
acbyvs4.l8b1         := -1.057676714e-05*on_sep8 ;
acbxv1.l8            := -3e-05*on_sep8 ;
acbxv1.r8            := -3e-05*on_sep8 ;
acbyvs4.r8b2         :=  1.168403148e-05*on_sep8 ;
acbyvs4.r8b1         := -1.879031024e-05*on_sep8 ;
acbyvs5.r8b1         :=  2.069082754e-06*on_sep8 ;
acbcv6.r8b2          :=  4.817201532e-06*on_sep8 ;
