beta.ip8             :=  2.50 ;

! saved on 09/07/08 14:49:37 by T.Risselada

kqx.l8               :=  8.600000000000000006e-03 ;

kq4.l8b1             := -3.443753528257845371e-03 ;
kq5.l8b1             :=  4.304887723441543947e-03 ;
kq6.l8b1             := -5.969159950580306233e-03 ;
kq7.l8b1             :=  8.565713908605219681e-03 ;
kq8.l8b1             := -6.534534796507605360e-03 ;
kq9.l8b1             :=  7.170227074869147711e-03 ;
kq10.l8b1            := -6.049250810624772108e-03 ;
kqtl11.l8b1          :=  1.405066329271238918e-04 ;
kqt12.l8b1           := -5.001148219118903976e-03 ;
kqt13.l8b1           :=  4.903097637773498434e-03 ;
kq4.r8b1             :=  3.207041514821200746e-03 ;
kq5.r8b1             := -3.314631410885435225e-03 ;
kq6.r8b1             :=  5.132662329727951181e-03 ;
kq7.r8b1             := -7.315180202183419432e-03 ;
kq8.r8b1             :=  8.228191359145653472e-03 ;
kq9.r8b1             := -7.697411457517354220e-03 ;
kq10.r8b1            :=  7.563418565743261837e-03 ;
kqtl11.r8b1          := -4.651151981791659326e-03 ;
kqt12.r8b1           := -2.126090992211872527e-04 ;
kqt13.r8b1           := -4.769717256757849064e-03 ;

kq4.l8b2             :=  3.948280654269971726e-03 ;
kq5.l8b2             := -4.302825871736169934e-03 ;
kq6.l8b2             :=  5.740081094159936968e-03 ;
kq7.l8b2             := -7.718057476836385870e-03 ;
kq8.l8b2             :=  6.370138167263790507e-03 ;
kq9.l8b2             := -5.674087340817726005e-03 ;
kq10.l8b2            :=  7.274888454766191906e-03 ;
kqtl11.l8b2          := -6.791844734954226607e-04 ;
kqt12.l8b2           := -3.443018857646194895e-03 ;
kqt13.l8b2           :=  5.036008447319108641e-03 ;
kq4.r8b2             := -3.620968921314292668e-03 ;
kq5.r8b2             :=  3.604901714915314647e-03 ;
kq6.r8b2             := -4.711896334079670318e-03 ;
kq7.r8b2             :=  7.213029255495992560e-03 ;
kq8.r8b2             := -5.341984692310248334e-03 ;
kq9.r8b2             :=  6.945610900873366855e-03 ;
kq10.r8b2            := -6.722039402202411966e-03 ;
kqtl11.r8b2          :=  3.277311502305367747e-04 ;
kqt12.r8b2           := -2.784495992965914466e-03 ;
kqt13.r8b2           :=  1.948080625430374194e-03 ;


!lhcb- : external angle :=  100 urad, vertical sep +-1mm
acbchs5.l8b2         := -1.731638128e-06*on_x8 ;
acbchs5.l8b1         :=  0*on_x8 ;
acbwh5.l8b1          :=  1.55508726e-05*on_x8 ;
acbyhs4.l8b1         :=  1.526876421e-05*on_x8 ;
acbyhs4.l8b2         := -3.387224307e-05*on_x8 ;
acbxh1.l8            := -3.3e-05*on_x8 ;
acbxh1.r8            :=  3.3e-05*on_x8 ;
acbyhs4.r8b1         := -3.35711335e-05*on_x8 ;
acbyhs4.r8b2         :=  1.975840329e-05*on_x8 ;
acbyhs5.r8b1         := -1.72913812e-06*on_x8 ;
acbyhs5.r8b2         :=  1.186142807e-05*on_x8 ;
acbcv6.l8b1          := -1.108772186e-05*on_sep8 ;
acbcvs5.l8b2         :=  4.646901942e-06*on_sep8 ;
acbyvs4.l8b2         :=  4.766856637e-06*on_sep8 ;
acbyvs4.l8b1         := -2.762540843e-06*on_sep8 ;
acbxv1.l8            := -3e-05*on_sep8 ;
acbxv1.r8            := -3e-05*on_sep8 ;
acbyvs4.r8b2         :=  5.875429153e-06*on_sep8 ;
acbyvs4.r8b1         := -5.343994353e-06*on_sep8 ;
acbyvs5.r8b1         := -4.560643186e-06*on_sep8 ;
acbcv6.r8b2          :=  9.071121657e-06*on_sep8 ;
