beta.ip8             :=  6.50 ;

! saved on 09/07/08 14:37:30 by T.Risselada

kqx.l8               :=  8.600000000000000006e-03 ;

kq4.l8b1             := -4.664704032255337710e-03 ;
kq5.l8b1             :=  5.179751793277043680e-03 ;
kq6.l8b1             := -5.444024270217688068e-03 ;
kq7.l8b1             :=  8.394139150885313039e-03 ;
kq8.l8b1             := -5.006917409704236301e-03 ;
kq9.l8b1             :=  7.288600776273189072e-03 ;
kq10.l8b1            := -6.743389340692344802e-03 ;
kqtl11.l8b1          :=  9.284951436360909700e-04 ;
kqt12.l8b1           := -3.554512941556825685e-03 ;
kqt13.l8b1           :=  5.136742866786094854e-03 ;
kq4.r8b1             :=  3.925852172753802223e-03 ;
kq5.r8b1             := -3.732105191904488712e-03 ;
kq6.r8b1             :=  4.163898589481185297e-03 ;
kq7.r8b1             := -6.562675288900103945e-03 ;
kq8.r8b1             :=  7.154141589405102128e-03 ;
kq9.r8b1             := -7.528957618498159990e-03 ;
kq10.r8b1            :=  7.560692947916603651e-03 ;
kqtl11.r8b1          := -4.437688186645025352e-03 ;
kqt12.r8b1           := -1.927721397377151445e-03 ;
kqt13.r8b1           := -1.776881401968312272e-03 ;

kq4.l8b2             :=  4.486719968273383471e-03 ;
kq5.l8b2             := -5.033473166265118974e-03 ;
kq6.l8b2             :=  5.205176146091306313e-03 ;
kq7.l8b2             := -7.060835768555592112e-03 ;
kq8.l8b2             :=  6.311223046694152371e-03 ;
kq9.l8b2             := -5.215528325793276562e-03 ;
kq10.l8b2            :=  7.233930372968998962e-03 ;
kqtl11.l8b2          := -2.768909265082869888e-04 ;
kqt12.l8b2           := -3.314228568421860588e-03 ;
kqt13.l8b2           :=  4.491744883691929299e-03 ;
kq4.r8b2             := -4.150172705791222057e-03 ;
kq5.r8b2             :=  4.122420300743844662e-03 ;
kq6.r8b2             := -4.271756842033153090e-03 ;
kq7.r8b2             :=  6.714006474000983223e-03 ;
kq8.r8b2             := -5.293191003978734918e-03 ;
kq9.r8b2             :=  6.890067255159529509e-03 ;
kq10.r8b2            := -6.743322416904205981e-03 ;
kqtl11.r8b2          :=  5.368557222073273979e-04 ;
kqt12.r8b2           := -2.632220814982315794e-03 ;
kqt13.r8b2           :=  1.818190513336299594e-03 ;


!lhcb- : external angle :=  75 urad, vertical sep +-1mm
acbchs5.l8b2         := -6.799895579e-07*on_x8 ;
acbchs5.l8b1         :=  0*on_x8 ;
acbwh5.l8b1          :=  1.082758497e-05*on_x8 ;
acbyhs4.l8b1         :=  1.066395879e-05*on_x8 ;
acbyhs4.l8b2         := -2.583775912e-05*on_x8 ;
acbxh1.l8            := -2.5e-05*on_x8 ;
acbxh1.r8            :=  2.5e-05*on_x8 ;
acbyhs4.r8b1         := -2.574710344e-05*on_x8 ;
acbyhs4.r8b2         :=  1.473593605e-05*on_x8 ;
acbyhs5.r8b1         := -6.896919731e-07*on_x8 ;
acbyhs5.r8b2         :=  8.579141838e-06*on_x8 ;
acbcv6.l8b1          := -1.049475147e-05*on_sep8 ;
acbcvs5.l8b2         :=  4.716025666e-06*on_sep8 ;
acbyvs4.l8b2         :=  4.360165165e-06*on_sep8 ;
acbyvs4.l8b1         := -1.242434968e-05*on_sep8 ;
acbxv1.l8            := -3e-05*on_sep8 ;
acbxv1.r8            := -3e-05*on_sep8 ;
acbyvs4.r8b2         :=  9.681208979e-06*on_sep8 ;
acbyvs4.r8b1         := -4.766433976e-06*on_sep8 ;
acbyvs5.r8b1         := -4.541485728e-06*on_sep8 ;
acbcv6.r8b2          :=  8.788154984e-06*on_sep8 ;
