 beta.ip2       :=     6.000000000000000 ;

! saved on 14/06/08 12:37:20 by T.Risselada

 kqt13.l2b1     :=     0.002468858049390 ;  // 04/06/08 13:57
 kqt12.l2b1     :=    -0.003723289564606 ;
 kqtl11.l2b1    :=     0.000449868440633 ;
 kq10.l2b1      :=    -0.006703247860965 ;
 kq9.l2b1       :=     0.007010436063244 ;
 kq8.l2b1       :=    -0.005737733873504 ;
 kq7.l2b1       :=     0.007365225944493 ;
 kq6.l2b1       :=    -0.004619420615778 ;
 kq5.l2b1       :=     0.003853049230727 ;
 kq4.l2b1       :=    -0.003256000954011 ;
 kqx.l2         :=     0.008889797681000 ;
 kq4.r2b1       :=     0.002727687553669 ;
 kq5.r2b1       :=    -0.002764951147282 ;
 kq6.r2b1       :=     0.004211944857697 ;
 kq7.r2b1       :=    -0.006712907105018 ;
 kq8.r2b1       :=     0.007295994662000 ;
 kq9.r2b1       :=    -0.007188130154062 ;
 kq10.r2b1      :=     0.007458049105950 ;
 kqtl11.r2b1    :=    -0.001605890288132 ;
 kqt12.r2b1     :=    -0.002092170636575 ;
 kqt13.r2b1     :=    -0.003337637599236 ;

 kqt13.l2b2     :=    -0.003235947994331 ;  // 27/05/08 19:09
 kqt12.l2b2     :=    -0.001478292397530 ;
 kqtl11.l2b2    :=    -0.002772003571169 ;
 kq10.l2b2      :=     0.007483691512146 ;
 kq9.l2b2       :=    -0.007623618253430 ;
 kq8.l2b2       :=     0.007410004860184 ;
 kq7.l2b2       :=    -0.006679482400812 ;
 kq6.l2b2       :=     0.004123234180259 ;
 kq5.l2b2       :=    -0.002637463342899 ;
 kq4.l2b2       :=     0.002668421196707 ;
 kqx.l2         :=     0.008889797681000 ;
 kq4.r2b2       :=    -0.003356994552315 ;
 kq5.r2b2       :=     0.003968053324641 ;
 kq6.r2b2       :=    -0.004677783990873 ;
 kq7.r2b2       :=     0.007419624220017 ;
 kq8.r2b2       :=    -0.005486205106455 ;
 kq9.r2b2       :=     0.006980369018436 ;
 kq10.r2b2      :=    -0.006664379542800 ;
 kqtl11.r2b2    :=     0.000497574559935 ;
 kqt12.r2b2     :=    -0.003326782445630 ;
 kqt13.r2b2     :=     0.002801888439331 ;

 acbxh1.l2      :=     0.000000000000000*on_sep2 ;  // 14/06/08 12:36
 acbxh1.r2      :=     0.000000000000000*on_sep2 ;
 acbyhs5.l2b1   :=    -0.000020905287919*on_sep2 ;
 acbyhs4.l2b1   :=     0.000044035258831*on_sep2 ;
 acbyhs4.r2b1   :=     0.000036253243724*on_sep2 ;
 acbchs5.r2b1   :=    -0.000035331406325*on_sep2 ;
 acbyhs5.l2b2   :=     0.000024312176775*on_sep2 ;
 acbyhs4.l2b2   :=    -0.000026851159069*on_sep2 ;
 acbyhs4.r2b2   :=    -0.000052434529989*on_sep2 ;
 acbchs5.r2b2   :=     0.000026384377173*on_sep2 ;
 acbxv1.l2      :=     0.000000000000000*on_x2   ;
 acbxv1.r2      :=    -0.000000000000000*on_x2   ;
 acbcv6.l2b1    :=    -0.000012390878434*on_x2   ;
 acbyvs4.l2b1   :=    -0.000012214590538*on_x2   ;
 acbyvs4.r2b1   :=    -0.000040651227452*on_x2   ;
 acbcvs5.r2b1   :=     0.000043969264933*on_x2   ;
 acbyvs5.l2b2   :=     0.000033197987988*on_x2   ;
 acbyvs4.l2b2   :=    -0.000026978134680*on_x2   ;
 acbyvs4.r2b2   :=    -0.000012315609783*on_x2   ;
 acbcv6.r2b2    :=    -0.000011395478855*on_x2   ;
 acbyvs5.l2b1   :=     0.000000000000000 ;
 acbyh5.l2b1    :=     0.000000000000000 ;
 acbyv4.l2b1    :=     0.000000000000000 ;
 acbyh4.r2b1    :=     0.000000000000000 ;
 acbcv5.r2b1    :=     0.000000000000000 ;
 acbch6.r2b1    :=     0.000000000000000 ;
 acbch6.l2b2    :=     0.000000000000000 ;
 acbyv5.l2b2    :=     0.000000000000000 ;
 acbyh4.l2b2    :=     0.000000000000000 ;
 acbyv4.r2b2    :=     0.000000000000000 ;
 acbch5.r2b2    :=     0.000000000000000 ;
 acbcvs5.r2b2   :=     0.000000000000000 ;

return;
