 beta.ip2       :=    10.000000000000000 ;

 kqt13.l2b1     :=    -0.001019777573453 ;  // 24/06/08 14:30
 kqt12.l2b1     :=    -0.002346294745256 ;
 kqtl11.l2b1    :=     0.000047694935209 ;
 kq10.l2b1      :=    -0.005548034209851 ;
 kq9.l2b1       :=     0.006236717143914 ;
 kq8.l2b1       :=    -0.004536152688800 ;
 kq7.l2b1       :=     0.006677927915566 ;
 kq6.l2b1       :=    -0.004185369239493 ;
 kq5.l2b1       :=     0.004633137854830 ;
 kq4.l2b1       :=    -0.004608308275800 ;
 kqx.l2         :=     0.009199806747000 ;
 kq4.r2b1       :=     0.004061293292932 ;
 kq5.r2b1       :=    -0.004325906201337 ;
 kq6.r2b1       :=     0.004325681437350 ;
 kq7.r2b1       :=    -0.006729340281551 ;
 kq8.r2b1       :=     0.006162204803315 ;
 kq9.r2b1       :=    -0.006666250915407 ;
 kq10.r2b1      :=     0.007433904485266 ;
 kqtl11.r2b1    :=    -0.001919923511275 ;
 kqt12.r2b1     :=    -0.002692512412534 ;
 kqt13.r2b1     :=    -0.003159779441531 ;
 kqt13.l2b2     :=    -0.001236336837210 ;  // 24/06/08 17:41
 kqt12.l2b2     :=    -0.003432708809516 ;
 kqtl11.l2b2    :=    -0.001520318591845 ;
 kq10.l2b2      :=     0.007437638735930 ;
 kq9.l2b2       :=    -0.007469394356992 ;
 kq8.l2b2       :=     0.006480992134928 ;
 kq7.l2b2       :=    -0.006419247782084 ;
 kq6.l2b2       :=     0.004037731222105 ;
 kq5.l2b2       :=    -0.003515330359847 ;
 kq4.l2b2       :=     0.003657340960611 ;
 kqx.l2         :=     0.009199806747000 ;
 kq4.r2b2       :=    -0.002587938320408 ;
 kq5.r2b2       :=     0.003623036895867 ;
 kq6.r2b2       :=    -0.004191553246547 ;
 kq7.r2b2       :=     0.006762250348430 ;
 kq8.r2b2       :=    -0.005488911084003 ;
 kq9.r2b2       :=     0.007139985301035 ;
 kq10.r2b2      :=    -0.007542418453656 ;
 kqtl11.r2b2    :=     0.000763384480925 ;
 kqt12.r2b2     :=    -0.001661531822349 ;
 kqt13.r2b2     :=     0.002600051248727 ;
