 beta.ip2       :=    10.000000000000000 ;

 kqt13.l2b1     :=    -0.002740918330741 ;  // 24/06/08 14:29
 kqt12.l2b1     :=    -0.001656862239768 ;
 kqtl11.l2b1    :=    -0.000094388940365 ;
 kq10.l2b1      :=    -0.005409193390892 ;
 kq9.l2b1       :=     0.006022785025402 ;
 kq8.l2b1       :=    -0.004201372296887 ;
 kq7.l2b1       :=     0.005826337575190 ;
 kq6.l2b1       :=    -0.004024183029397 ;
 kq5.l2b1       :=     0.004577850200060 ;
 kq4.l2b1       :=    -0.005194236774620 ;
 kqx.l2         :=     0.009354811280000 ;
 kq4.r2b1       :=     0.005068866285180 ;
 kq5.r2b1       :=    -0.004778292523230 ;
 kq6.r2b1       :=     0.004383706185565 ;
 kq7.r2b1       :=    -0.006224300244540 ;
 kq8.r2b1       :=     0.005703277376309 ;
 kq9.r2b1       :=    -0.006017395910756 ;
 kq10.r2b1      :=     0.007394534373372 ;
 kqtl11.r2b1    :=    -0.002176834841699 ;
 kqt12.r2b1     :=    -0.002820831792935 ;
 kqt13.r2b1     :=    -0.003041715161796 ;
 kqt13.l2b2     :=    -0.000221601062734 ;  // 24/06/08 17:36
 kqt12.l2b2     :=    -0.004220292658657 ;
 kqtl11.l2b2    :=    -0.000615143254353 ;
 kq10.l2b2      :=     0.007405158032804 ;
 kq9.l2b2       :=    -0.007280308186124 ;
 kq8.l2b2       :=     0.006374158836438 ;
 kq7.l2b2       :=    -0.006407610387851 ;
 kq6.l2b2       :=     0.004055465708261 ;
 kq5.l2b2       :=    -0.003750137275365 ;
 kq4.l2b2       :=     0.004098953500302 ;
 kqx.l2         :=     0.009354811280000 ;
 kq4.r2b2       :=    -0.003733257289678 ;
 kq5.r2b2       :=     0.003887852668481 ;
 kq6.r2b2       :=    -0.004251024441572 ;
 kq7.r2b2       :=     0.006487641326330 ;
 kq8.r2b2       :=    -0.004853825612084 ;
 kq9.r2b2       :=     0.007035605279243 ;
 kq10.r2b2      :=    -0.006894425325033 ;
 kqtl11.r2b2    :=     0.000506818972270 ;
 kqt12.r2b2     :=    -0.000834670246241 ;
 kqt13.r2b2     :=     0.002494985889828 ;
