 beta.ip2       :=     5.000000000000000 ;

! saved on 14/06/08 12:35:55 by T.Risselada

 kqt13.l2b1     :=     0.002369494723021 ;  // 04/06/08 13:56
 kqt12.l2b1     :=    -0.003739788843595 ;
 kqtl11.l2b1    :=     0.000355241801682 ;
 kq10.l2b1      :=    -0.006622959193454 ;
 kq9.l2b1       :=     0.007010948736469 ;
 kq8.l2b1       :=    -0.005685499978385 ;
 kq7.l2b1       :=     0.007364126038500 ;
 kq6.l2b1       :=    -0.004706463464867 ;
 kq5.l2b1       :=     0.003610890497351 ;
 kq4.l2b1       :=    -0.003198672852402 ;
 kqx.l2         :=     0.008889797681000 ;
 kq4.r2b1       :=     0.002658724162105 ;
 kq5.r2b1       :=    -0.002621937748376 ;
 kq6.r2b1       :=     0.004375974672202 ;
 kq7.r2b1       :=    -0.006843870185180 ;
 kq8.r2b1       :=     0.007452943829786 ;
 kq9.r2b1       :=    -0.007158357457620 ;
 kq10.r2b1      :=     0.007456645681688 ;
 kqtl11.r2b1    :=    -0.001542316546436 ;
 kqt12.r2b1     :=    -0.001975617590124 ;
 kqt13.r2b1     :=    -0.003315449579118 ;

 kqt13.l2b2     :=    -0.003221130000848 ;  // 27/05/08 19:08
 kqt12.l2b2     :=    -0.001329177878791 ;
 kqtl11.l2b2    :=    -0.002691969979630 ;
 kq10.l2b2      :=     0.007482141877627 ;
 kq9.l2b2       :=    -0.007591427120311 ;
 kq8.l2b2       :=     0.007583807484004 ;
 kq7.l2b2       :=    -0.006794033086424 ;
 kq6.l2b2       :=     0.004272978261593 ;
 kq5.l2b2       :=    -0.002467139114866 ;
 kq4.l2b2       :=     0.002572219774873 ;
 kqx.l2         :=     0.008889797681000 ;
 kq4.r2b2       :=    -0.003303653439516 ;
 kq5.r2b2       :=     0.003740236491447 ;
 kq6.r2b2       :=    -0.004762865545787 ;
 kq7.r2b2       :=     0.007425275755985 ;
 kq8.r2b2       :=    -0.005437792941481 ;
 kq9.r2b2       :=     0.006982183448745 ;
 kq10.r2b2      :=    -0.006606699178479 ;
 kqtl11.r2b2    :=     0.000411929608031 ;
 kqt12.r2b2     :=    -0.003341886464265 ;
 kqt13.r2b2     :=     0.002696391530436 ;

 acbxh1.l2      :=     0.000000000000000*on_sep2 ;  // 14/06/08 12:35
 acbxh1.r2      :=     0.000000000000000*on_sep2 ;
 acbyhs5.l2b1   :=    -0.000020736544954*on_sep2 ;
 acbyhs4.l2b1   :=     0.000043858711049*on_sep2 ;
 acbyhs4.r2b1   :=     0.000036589981321*on_sep2 ;
 acbchs5.r2b1   :=    -0.000035243164497*on_sep2 ;
 acbyhs5.l2b2   :=     0.000024343524338*on_sep2 ;
 acbyhs4.l2b2   :=    -0.000027365154339*on_sep2 ;
 acbyhs4.r2b2   :=    -0.000052259314550*on_sep2 ;
 acbchs5.r2b2   :=     0.000026422432207*on_sep2 ;
 acbxv1.l2      :=     0.000000000000000*on_x2   ;
 acbxv1.r2      :=    -0.000000000000000*on_x2   ;
 acbcv6.l2b1    :=    -0.000013956508974*on_x2   ;
 acbyvs4.l2b1   :=    -0.000013399844035*on_x2   ;
 acbyvs4.r2b1   :=    -0.000044114743283*on_x2   ;
 acbcvs5.r2b1   :=     0.000048256726406*on_x2   ;
 acbyvs5.l2b2   :=     0.000036228235362*on_x2   ;
 acbyvs4.l2b2   :=    -0.000028936964198*on_x2   ;
 acbyvs4.r2b2   :=    -0.000013463642746*on_x2   ;
 acbcv6.r2b2    :=    -0.000012756748290*on_x2   ;
 acbyvs5.l2b1   :=     0.000000000000000 ;
 acbyh5.l2b1    :=     0.000000000000000 ;
 acbyv4.l2b1    :=     0.000000000000000 ;
 acbyh4.r2b1    :=     0.000000000000000 ;
 acbcv5.r2b1    :=     0.000000000000000 ;
 acbch6.r2b1    :=     0.000000000000000 ;
 acbch6.l2b2    :=     0.000000000000000 ;
 acbyv5.l2b2    :=     0.000000000000000 ;
 acbyh4.l2b2    :=     0.000000000000000 ;
 acbyv4.r2b2    :=     0.000000000000000 ;
 acbch5.r2b2    :=     0.000000000000000 ;
 acbcvs5.r2b2   :=     0.000000000000000 ;

return;
