 beta.ip2       :=    10.000000000000000 ;

 kqt13.l2b1     :=     0.000701363183835 ;  // 24/06/08 14:32
 kqt12.l2b1     :=    -0.003035727250743 ;
 kqtl11.l2b1    :=     0.000467347455255 ;
 kq10.l2b1      :=    -0.006479739880105 ;
 kq9.l2b1       :=     0.006688134507686 ;
 kq8.l2b1       :=    -0.004843928830691 ;
 kq7.l2b1       :=     0.007032516791604 ;
 kq6.l2b1       :=    -0.004402886686722 ;
 kq5.l2b1       :=     0.004318635587983 ;
 kq4.l2b1       :=    -0.003804817865269 ;
 kqx.l2         :=     0.009044802214000 ;
 kq4.r2b1       :=     0.003623613832689 ;
 kq5.r2b1       :=    -0.003862086222681 ;
 kq6.r2b1       :=     0.004201971113956 ;
 kq7.r2b1       :=    -0.006506944719429 ;
 kq8.r2b1       :=     0.006420873021332 ;
 kq9.r2b1       :=    -0.006798995082326 ;
 kq10.r2b1      :=     0.007434963019000 ;
 kqtl11.r2b1    :=    -0.001781503776352 ;
 kqt12.r2b1     :=    -0.002564193032132 ;
 kqt13.r2b1     :=    -0.003277843721265 ;

 kqt13.l2b2     :=    -0.002251072611686 ;  // 24/06/08 17:52
 kqt12.l2b2     :=    -0.002645124960374 ;
 kqtl11.l2b2    :=    -0.002704985934205 ;
 kq10.l2b2      :=     0.007501353694074 ;
 kq9.l2b2       :=    -0.007902665674015 ;
 kq8.l2b2       :=     0.006776688920118 ;
 kq7.l2b2       :=    -0.006388775176924 ;
 kq6.l2b2       :=     0.003930671210405 ;
 kq5.l2b2       :=    -0.003099363601541 ;
 kq4.l2b2       :=     0.003215728420921 ;
 kqx.l2         :=     0.009044802214000 ;
 kq4.r2b2       :=    -0.001986385906194 ;
 kq5.r2b2       :=     0.003551341716656 ;
 kq6.r2b2       :=    -0.004114186609115 ;
 kq7.r2b2       :=     0.006975867587634 ;
 kq8.r2b2       :=    -0.005920691571809 ;
 kq9.r2b2       :=     0.007203486964241 ;
 kq10.r2b2      :=    -0.007971156209813 ;
 kqtl11.r2b2    :=     0.000961034088059 ;
 kqt12.r2b2     :=    -0.002488393398458 ;
 kqt13.r2b2     :=     0.002705116607625 ;
