beta.ip2             :=  9.000000000000000 ;

! saved on 30/06/08 10:32:49 by T.Risselada

kqt13.l2b1           :=  0.002447824546664 ;  // 29/06/08 18:06
kqt12.l2b1           := -0.003723027859521 ;
kqtl11.l2b1          :=  0.000697280037088 ;
kq10.l2b1            := -0.006925588595965 ;
kq9.l2b1             :=  0.006996354833540 ;
kq8.l2b1             := -0.005783325494466 ;
kq7.l2b1             :=  0.007459726023829 ;
kq6.l2b1             := -0.004473200178438 ;
kq5.l2b1             :=  0.004347987619414 ;
kq4.l2b1             := -0.003353421026680 ;
kq4.r2b1             :=  0.002793937641642 ;
kq5.r2b1             := -0.003020112076221 ;
kq6.r2b1             :=  0.003930037734757 ;
kq7.r2b1             := -0.006428677654927 ;
kq8.r2b1             :=  0.006859384119042 ;
kq9.r2b1             := -0.007270481586023 ;
kq10.r2b1            :=  0.007460538686144 ;
kqtl11.r2b1          := -0.001770624604912 ;
kqt12.r2b1           := -0.002353206372698 ;
kqt13.r2b1           := -0.003382609801545 ;

kqt13.l2b2           := -0.003259257863058 ;  // 29/06/08 18:18
kqt12.l2b2           := -0.001773437017468 ;
kqtl11.l2b2          := -0.002908787374799 ;
kq10.l2b2            :=  0.007483545338217 ;
kq9.l2b2             := -0.007679562845522 ;
kq8.l2b2             :=  0.006972469042208 ;
kq7.l2b2             := -0.006431551292900 ;
kq6.l2b2             :=  0.003865997760836 ;
kq5.l2b2             := -0.002942460113051 ;
kq4.l2b2             :=  0.002769093747142 ;
kqx.l2               :=  0.008889797681000 ;
kq4.r2b2             := -0.003442218841688 ;
kq5.r2b2             :=  0.004431570306412 ;
kq6.r2b2             := -0.004537873313126 ;
kq7.r2b2             :=  0.007500890334733 ;
kq8.r2b2             := -0.005532565245907 ;
kq9.r2b2             :=  0.006969023062130 ;
kq10.r2b2            := -0.006852170449514 ;
kqtl11.r2b2          :=  0.000729715963854 ;
kqt12.r2b2           := -0.003316629406925 ;
kqt13.r2b2           :=  0.002825520934754 ;
