 beta.ip2       :=    10.000000000000000 ;

 kqt13.l2b1     :=     0.001561933562478 ;  // 24/06/08 14:45
 kqt12.l2b1     :=    -0.003380443503487 ;
 kqtl11.l2b1    :=     0.000637204285825 ;
 kq10.l2b1      :=    -0.006800654296227 ;
 kq9.l2b1       :=     0.006855571829612 ;
 kq8.l2b1       :=    -0.005357971180865 ;
 kq7.l2b1       :=     0.007317817082429 ;
 kq6.l2b1       :=    -0.004435875974592 ;
 kq5.l2b1       :=     0.004360148576200 ;
 kq4.l2b1       :=    -0.003478180335444 ;
 kqx.l2         :=     0.008967299947500 ;
 kq4.r2b1       :=     0.003138756395308 ;
 kq5.r2b1       :=    -0.003424286520426 ;
 kq6.r2b1       :=     0.004033376091120 ;
 kq7.r2b1       :=    -0.006430011276407 ;
 kq8.r2b1       :=     0.006593672764178 ;
 kq9.r2b1       :=    -0.007083095446588 ;
 kq10.r2b1      :=     0.007449129332891 ;
 kqtl11.r2b1    :=    -0.001757111092126 ;
 kqt12.r2b1     :=    -0.002500033341931 ;
 kqt13.r2b1     :=    -0.003336875861133 ;

 kqt13.l2b2     :=    -0.002758440498924 ;  // 25/06/08 15:13
 kqt12.l2b2     :=    -0.002251333035800 ;
 kqtl11.l2b2    :=    -0.003201812193643 ;
 kq10.l2b2      :=     0.007525932173431 ;
 kq9.l2b2       :=    -0.008065747539853 ;
 kq8.l2b2       :=     0.006922269222020 ;
 kq7.l2b2       :=    -0.006372926207094 ;
 kq6.l2b2       :=     0.003854853835444 ;
 kq5.l2b2       :=    -0.002890604419019 ;
 kq4.l2b2       :=     0.002994922151075 ;
 kqx.l2         :=     0.008967299947500 ;
 kq4.r2b2       :=    -0.001857674215188 ;
 kq5.r2b2       :=     0.003612413348422 ;
 kq6.r2b2       :=    -0.004074728286666 ;
 kq7.r2b2       :=     0.007093214164988 ;
 kq8.r2b2       :=    -0.006125066319897 ;
 kq9.r2b2       :=     0.007231935216715 ;
 kq10.r2b2      :=    -0.008168370155780 ;
 kqtl11.r2b2    :=     0.001059192770635 ;
 kqt12.r2b2     :=    -0.002901824186512 ;
 kqt13.r2b2     :=     0.002757649287074 ;
