beta.ip2             :=  9.500000000000000 ;

! saved on 30/06/08 10:33:11 by T.Risselada

kqt13.l2b1           :=  0.002435164243893 ;  // 29/06/08 18:02
kqt12.l2b1           := -0.003724093807876 ;
kqtl11.l2b1          :=  0.000734810004670 ;
kq10.l2b1            := -0.006964408330098 ;
kq9.l2b1             :=  0.006997068507322 ;
kq8.l2b1             := -0.005787804689134 ;
kq7.l2b1             :=  0.007481133350519 ;
kq6.l2b1             := -0.004456384005524 ;
kq5.l2b1             :=  0.004400772979221 ;
kq4.l2b1             := -0.003353186326586 ;
kq4.r2b1             :=  0.002794013360503 ;
kq5.r2b1             := -0.003049536712323 ;
kq6.r2b1             :=  0.003905152320928 ;
kq7.r2b1             := -0.006394067808691 ;
kq8.r2b1             :=  0.006784577739563 ;
kq9.r2b1             := -0.007284147687676 ;
kq10.r2b1            :=  0.007460560633998 ;
kqtl11.r2b1          := -0.001798162202469 ;
kqt12.r2b1           := -0.002394540012214 ;
kqt13.r2b1           := -0.003389258901273 ;

kqt13.l2b2           := -0.003262533124610 ;  // 29/06/08 18:16
kqt12.l2b2           := -0.001815489064351 ;
kqtl11.l2b2          := -0.002937609286707 ;
kq10.l2b2            :=  0.007483655012840 ;
kq9.l2b2             := -0.007691035380967 ;
kq8.l2b2             :=  0.006901010883704 ;
kq7.l2b2             := -0.006401347958667 ;
kq6.l2b2             :=  0.003843499027927 ;
kq5.l2b2             := -0.002975904424968 ;
kq4.l2b2             :=  0.002772700265429 ;
kqx.l2               :=  0.008889797681000 ;
kq4.r2b2             := -0.003441122363666 ;
kq5.r2b2             :=  0.004480623611930 ;
kq6.r2b2             := -0.004522080427531 ;
kq7.r2b2             :=  0.007520185171302 ;
kq8.r2b2             := -0.005534178670550 ;
kq9.r2b2             :=  0.006969641931101 ;
kq10.r2b2            := -0.006884973509775 ;
kqtl11.r2b2          :=  0.000764844140907 ;
kqt12.r2b2           := -0.003315942190746 ;
kqt13.r2b2           :=  0.002817851450639 ;
