beta.ip2             :=  7.500000000000000 ;

kqt13.l2b1           :=  0.002472073376502 ;  // 30/06/08 10:14
kqt12.l2b1           := -0.003721494363259 ;
kqtl11.l2b1          :=  0.000579132186601 ;
kq10.l2b1            := -0.006818218156560 ;
kq9.l2b1             :=  0.007000766189243 ;
kq8.l2b1             := -0.005773627310303 ;
kq7.l2b1             :=  0.007399301882352 ;
kq6.l2b1             := -0.004530648100844 ;
kq5.l2b1             :=  0.004137578063971 ;
kq4.l2b1             := -0.003317546755108 ;
kq4.r2b1             :=  0.002784530979284 ;
kq5.r2b1             := -0.002924062208959 ;
kq6.r2b1             :=  0.004042531809991 ;
kq7.r2b1             := -0.006555276850548 ;
kq8.r2b1             :=  0.007076474961017 ;
kq9.r2b1             := -0.007221768713043 ;
kq10.r2b1            :=  0.007459270538464 ;
kqtl11.r2b1          := -0.001688134629382 ;
kqt12.r2b1           := -0.002225946979393 ;
kqt13.r2b1           := -0.003361393101376 ;

kqt13.l2b2           := -0.003248517503548 ;  // 30/06/08 09:53
kqt12.l2b2           := -0.001636572792160 ;
kqtl11.l2b2          := -0.002831358556030 ;
kq10.l2b2            :=  0.007482738215815 ;
kq9.l2b2             := -0.007639671729207 ;
kq8.l2b2             :=  0.007183808921836 ;
kq7.l2b2             := -0.006543308919278 ;
kq6.l2b2             :=  0.003969106796247 ;
kq5.l2b2             := -0.002830740430493 ;
kq4.l2b2             :=  0.002747162499695 ;
kqx.l2               :=  0.008889797681000 ;
kq4.r2b2             := -0.003408542512655 ;
kq5.r2b2             :=  0.004234286244003 ;
kq6.r2b2             := -0.004592044535189 ;
kq7.r2b2             :=  0.007446827816609 ;
kq8.r2b2             := -0.005528061123904 ;
kq9.r2b2             :=  0.006972935538153 ;
kq10.r2b2            := -0.006762435649150 ;
kqtl11.r2b2          :=  0.000618988347295 ;
kqt12.r2b2           := -0.003320198490871 ;
kqt13.r2b2           :=  0.002831117037070 ;
