beta.ip2             :=  6.500000000000000 ;

! saved on 30/06/08 10:23:07 by T.Risselada

kqt13.l2b1           :=  0.002469929825094 ;  // 30/06/08 10:19
kqt12.l2b1           := -0.003722691164157 ;
kqtl11.l2b1          :=  0.000492956355956 ;
kq10.l2b1            := -0.006740531790569 ;
kq9.l2b1             :=  0.007006077200169 ;
kq8.l2b1             := -0.005752534260586 ;
kq7.l2b1             :=  0.007370338076140 ;
kq6.l2b1             := -0.004583760775730 ;
kq5.l2b1             :=  0.003954122424018 ;
kq4.l2b1             := -0.003277318427557 ;
kq4.r2b1             :=  0.002761651188795 ;
kq5.r2b1             := -0.002841853654401 ;
kq6.r2b1             :=  0.004153335738436 ;
kq7.r2b1             := -0.006661028453850 ;
kq8.r2b1             :=  0.007216883091108 ;
kq9.r2b1             := -0.007188588950504 ;
kq10.r2b1            :=  0.007457757845095 ;
kqtl11.r2b1          := -0.001633305068549 ;
kqt12.r2b1           := -0.002136762750848 ;
kqt13.r2b1           := -0.003345556099949 ;

kqt13.l2b2           := -0.003240137830737 ;  // 30/06/08 10:12
kqt12.l2b2           := -0.001531052529073 ;
kqtl11.l2b2          := -0.002791788566123 ;
kq10.l2b2            :=  0.007482311004226 ;
kq9.l2b2             := -0.007613170907552 ;
kq8.l2b2             :=  0.007324977217984 ;
kq7.l2b2             := -0.006638067460473 ;
kq6.l2b2             :=  0.004073116661313 ;
kq5.l2b2             := -0.002736598104572 ;
kq4.l2b2             :=  0.002715441842178 ;
kqx.l2               :=  0.008889797681000 ;
kq4.r2b2             := -0.003352297992511 ;
kq5.r2b2             :=  0.004053349766616 ;
kq6.r2b2             := -0.004636092797002 ;
kq7.r2b2             :=  0.007418297180067 ;
kq8.r2b2             := -0.005531296984117 ;
kq9.r2b2             :=  0.006979457625293 ;
kq10.r2b2            := -0.006705060674347 ;
kqtl11.r2b2          :=  0.000538045822388 ;
kqt12.r2b2           := -0.003324587794044 ;
kqt13.r2b2           :=  0.002811631305244 ;
