 beta.ip2       :=    10.000000000000000 ;

 kqt13.l2b1     :=    -0.001880347952097 ;  // 24/06/08 14:30
 kqt12.l2b1     :=    -0.002001578492512 ;
 kqtl11.l2b1    :=    -0.000071624017186 ;
 kq10.l2b1      :=    -0.005370010574821 ;
 kq9.l2b1       :=     0.006083821199581 ;
 kq8.l2b1       :=    -0.004538644441175 ;
 kq7.l2b1       :=     0.006412854714954 ;
 kq6.l2b1       :=    -0.004043986998928 ;
 kq5.l2b1       :=     0.004650572446931 ;
 kq4.l2b1       :=    -0.004632361848393 ;
 kqx.l2         :=     0.009277309013500 ;
 kq4.r2b1       :=     0.004310806915946 ;
 kq5.r2b1       :=    -0.004437084050245 ;
 kq6.r2b1       :=     0.004334748329341 ;
 kq7.r2b1       :=    -0.006697174748238 ;
 kq8.r2b1       :=     0.006102525257064 ;
 kq9.r2b1       :=    -0.006692843335634 ;
 kq10.r2b1      :=     0.007447108950235 ;
 kqtl11.r2b1    :=    -0.002138305259781 ;
 kqt12.r2b1     :=    -0.002756672102734 ;
 kqt13.r2b1     :=    -0.003100747301663 ;
 kqt13.l2b2     :=    -0.000728968949972 ;  // 24/06/08 17:39
 kqt12.l2b2     :=    -0.003826500734086 ;
 kqtl11.l2b2    :=    -0.001123011538339 ;
 kq10.l2b2      :=     0.007424909649113 ;
 kq9.l2b2       :=    -0.007401106228945 ;
 kq8.l2b2       :=     0.006418685005476 ;
 kq7.l2b2       :=    -0.006411334847255 ;
 kq6.l2b2       :=     0.004049987551553 ;
 kq5.l2b2       :=    -0.003625864184566 ;
 kq4.l2b2       :=     0.003878147230456 ;
 kqx.l2         :=     0.009277309013500 ;
 kq4.r2b2       :=    -0.003123518542245 ;
 kq5.r2b2       :=     0.003748945620618 ;
 kq6.r2b2       :=    -0.004237589352507 ;
 kq7.r2b2       :=     0.006633833643372 ;
 kq8.r2b2       :=    -0.005121882686159 ;
 kq9.r2b2       :=     0.007083342583625 ;
 kq10.r2b2      :=    -0.007199125723259 ;
 kqtl11.r2b2    :=     0.000634144329388 ;
 kqt12.r2b2     :=    -0.001248101034295 ;
 kqt13.r2b2     :=     0.002547518569277 ;
