 beta.ip2       :=     2.500000000000000 ;

! saved on 14/06/08 12:31:31 by T.Risselada

 kqt13.l2b1     :=     0.000838825332820 ;  // 04/06/08 11:24
 kqt12.l2b1     :=    -0.003989208362581 ;
 kqtl11.l2b1    :=     0.000064759266475 ;
 kq10.l2b1      :=    -0.006455372998360 ;
 kq9.l2b1       :=     0.006922921851640 ;
 kq8.l2b1       :=    -0.005743640202552 ;
 kq7.l2b1       :=     0.007418371743525 ;
 kq6.l2b1       :=    -0.005129407609186 ;
 kq5.l2b1       :=     0.002556093232947 ;
 kq4.l2b1       :=    -0.002739021667355 ;
 kqx.l2         :=     0.008889797681000 ;
 kq4.r2b1       :=     0.002269654509508 ;
 kq5.r2b1       :=    -0.001922761148152 ;
 kq6.r2b1       :=     0.005311639198504 ;
 kq7.r2b1       :=    -0.007338979291439 ;
 kq8.r2b1       :=     0.008105061337322 ;
 kq9.r2b1       :=    -0.007062443503831 ;
 kq10.r2b1      :=     0.007464421731410 ;
 kqtl11.r2b1    :=    -0.001370315304673 ;
 kqt12.r2b1     :=    -0.001389871879444 ;
 kqt13.r2b1     :=    -0.003197813428047 ;

 kqt13.l2b2     :=    -0.003111230715609 ;  // 27/05/08 16:51
 kqt12.l2b2     :=    -0.000589618660099 ;
 kqtl11.l2b2    :=    -0.002365527651243 ;
 kq10.l2b2      :=     0.007489841969028 ;
 kq9.l2b2       :=    -0.007459209349772 ;
 kq8.l2b2       :=     0.008432065507156 ;
 kq7.l2b2       :=    -0.007368625875241 ;
 kq6.l2b2       :=     0.005362146644193 ;
 kq5.l2b2       :=    -0.001838962109090 ;
 kq4.l2b2       :=     0.002157325786613 ;
 kqx.l2         :=     0.008889797681000 ;
 kq4.r2b2       :=    -0.002802803255642 ;
 kq5.r2b2       :=     0.002631151611243 ;
 kq6.r2b2       :=    -0.005119570870158 ;
 kq7.r2b2       :=     0.007407350761530 ;
 kq8.r2b2       :=    -0.005486306883621 ;
 kq9.r2b2       :=     0.006843117444515 ;
 kq10.r2b2      :=    -0.006424938229297 ;
 kqtl11.r2b2    :=     0.000118547405469 ;
 kqt12.r2b2     :=    -0.003589168867033 ;
 kqt13.r2b2     :=     0.000755050408004 ;

 acbxh1.l2      :=     0.000000000000000*on_sep2 ;  // 14/06/08 11:56
 acbxh1.l2      :=     0.000000000000000*on_sep2 ;  // 14/06/08 12:30
 acbxh1.r2      :=     0.000000000000000*on_sep2 ;
 acbyhs5.l2b1   :=    -0.000020157523950*on_sep2 ;
 acbyhs4.l2b1   :=     0.000042281170417*on_sep2 ;
 acbyhs4.r2b1   :=     0.000038465647249*on_sep2 ;
 acbchs5.r2b1   :=    -0.000034752202649*on_sep2 ;
 acbyhs5.l2b2   :=     0.000024407871540*on_sep2 ;
 acbyhs4.l2b2   :=    -0.000029562612951*on_sep2 ;
 acbyhs4.r2b2   :=    -0.000050596834977*on_sep2 ;
 acbchs5.r2b2   :=     0.000026784136935*on_sep2 ;
 acbxv1.l2      :=     0.000000000000000*on_x2   ;
 acbxv1.r2      :=    -0.000000000000000*on_x2   ;
 acbcv6.l2b1    :=    -0.000022293657538*on_x2   ;
 acbyvs4.l2b1   :=    -0.000015919997286*on_x2   ;
 acbyvs4.r2b1   :=    -0.000059035797268*on_x2   ;
 acbcvs5.r2b1   :=     0.000068977273978*on_x2   ;
 acbyvs5.l2b2   :=     0.000050625275969*on_x2   ;
 acbyvs4.l2b2   :=    -0.000037080901271*on_x2   ;
 acbyvs4.r2b2   :=    -0.000015129279983*on_x2   ;
 acbcv6.r2b2    :=    -0.000019991726860*on_x2   ;
 acbyvs5.l2b1   :=     0.000000000000000 ;
 acbyh5.l2b1    :=     0.000000000000000 ;
 acbyv4.l2b1    :=     0.000000000000000 ;
 acbyh4.r2b1    :=     0.000000000000000 ;
 acbcv5.r2b1    :=     0.000000000000000 ;
 acbch6.r2b1    :=     0.000000000000000 ;
 acbch6.l2b2    :=     0.000000000000000 ;
 acbyv5.l2b2    :=     0.000000000000000 ;
 acbyh4.l2b2    :=     0.000000000000000 ;
 acbyv4.r2b2    :=     0.000000000000000 ;
 acbch5.r2b2    :=     0.000000000000000 ;
 acbcvs5.r2b2   :=     0.000000000000000 ;

return;
