 beta.ip2       :=     4.000000000000000 ;

! saved on 14/06/08 12:34:35 by T.Risselada

 kqt13.l2b1     :=     0.002102069778497 ;  // 04/06/08 13:54
 kqt12.l2b1     :=    -0.003786400458848 ;
 kqtl11.l2b1    :=     0.000250620073115 ;
 kq10.l2b1      :=    -0.006545122776155 ;
 kq9.l2b1       :=     0.006998800926354 ;
 kq8.l2b1       :=    -0.005634922761978 ;
 kq7.l2b1       :=     0.007383432180275 ;
 kq6.l2b1       :=    -0.004820582495133 ;
 kq5.l2b1       :=     0.003304612684356 ;
 kq4.l2b1       :=    -0.003097924833965 ;
 kqx.l2         :=     0.008889797681000 ;
 kq4.r2b1       :=     0.002539962112513 ;
 kq5.r2b1       :=    -0.002423485858937 ;
 kq6.r2b1       :=     0.004603578925505 ;
 kq7.r2b1       :=    -0.007005689329410 ;
 kq8.r2b1       :=     0.007655046694466 ;
 kq9.r2b1       :=    -0.007123588530760 ;
 kq10.r2b1      :=     0.007456548867851 ;
 kqtl11.r2b1    :=    -0.001472036589509 ;
 kqt12.r2b1     :=    -0.001795543611540 ;
 kqt13.r2b1     :=    -0.003280512817398 ;

 kqt13.l2b2     :=    -0.003192339278728 ;  // 27/05/08 19:06
 kqt12.l2b2     :=    -0.001080351739999 ;
 kqtl11.l2b2    :=    -0.002584665060376 ;
 kq10.l2b2      :=     0.007482390538936 ;
 kq9.l2b2       :=    -0.007550657213890 ;
 kq8.l2b2       :=     0.007841215386099 ;
 kq7.l2b2       :=    -0.006942364115372 ;
 kq6.l2b2       :=     0.004487988020922 ;
 kq5.l2b2       :=    -0.002226458719315 ;
 kq4.l2b2       :=     0.002404911393897 ;
 kqx.l2         :=     0.008889797681000 ;
 kq4.r2b2       :=    -0.003204128422857 ;
 kq5.r2b2       :=     0.003445004086960 ;
 kq6.r2b2       :=    -0.004872371451379 ;
 kq7.r2b2       :=     0.007449035601098 ;
 kq8.r2b2       :=    -0.005388711859893 ;
 kq9.r2b2       :=     0.006968968708784 ;
 kq10.r2b2      :=    -0.006552369439243 ;
 kqtl11.r2b2    :=     0.000315054123553 ;
 kqt12.r2b2     :=    -0.003380699960059 ;
 kqt13.r2b2     :=     0.002407785912739 ;

 acbxh1.l2      :=     0.000000000000000*on_sep2 ;  // 14/06/08 12:34
 acbxh1.r2      :=     0.000000000000000*on_sep2 ;
 acbyhs5.l2b1   :=    -0.000020544132228*on_sep2 ;
 acbyhs4.l2b1   :=     0.000043527783098*on_sep2 ;
 acbyhs4.r2b1   :=     0.000037166838873*on_sep2 ;
 acbchs5.r2b1   :=    -0.000035092069353*on_sep2 ;
 acbyhs5.l2b2   :=     0.000024359108190*on_sep2 ;
 acbyhs4.l2b2   :=    -0.000028259705162*on_sep2 ;
 acbyhs4.r2b2   :=    -0.000051931454368*on_sep2 ;
 acbchs5.r2b2   :=     0.000026493674374*on_sep2 ;
 acbxv1.l2      :=     0.000000000000000*on_x2   ;
 acbxv1.r2      :=    -0.000000000000000*on_x2   ;
 acbcv6.l2b1    :=    -0.000016160461959*on_x2   ;
 acbyvs4.l2b1   :=    -0.000014663859307*on_x2   ;
 acbyvs4.r2b1   :=    -0.000048517095583*on_x2   ;
 acbcvs5.r2b1   :=     0.000054128233146*on_x2   ;
 acbyvs5.l2b2   :=     0.000040326877947*on_x2   ;
 acbyvs4.l2b2   :=    -0.000031130471268*on_x2   ;
 acbyvs4.r2b2   :=    -0.000014627720105*on_x2   ;
 acbcv6.r2b2    :=    -0.000014660591772*on_x2   ;
 acbyvs5.l2b1   :=     0.000000000000000 ;
 acbyh5.l2b1    :=     0.000000000000000 ;
 acbyv4.l2b1    :=     0.000000000000000 ;
 acbyh4.r2b1    :=     0.000000000000000 ;
 acbcv5.r2b1    :=     0.000000000000000 ;
 acbch6.r2b1    :=     0.000000000000000 ;
 acbch6.l2b2    :=     0.000000000000000 ;
 acbyv5.l2b2    :=     0.000000000000000 ;
 acbyh4.l2b2    :=     0.000000000000000 ;
 acbyv4.r2b2    :=     0.000000000000000 ;
 acbch5.r2b2    :=     0.000000000000000 ;
 acbcvs5.r2b2   :=     0.000000000000000 ;

return;
