kqm16 =      0.02785039753 ;
kqm15 =      -0.0200208141 ;
kqm14 =     -0.01329822444 ;
kqm13 =      0.03175973582 ;
kqm12 =    -0.007747090885 ;
kqm11 =     0.008866894902 ;
kqf5 =      0.01098649356 ;
kqd4 =    -0.008641652494 ;
kqf3 =      0.01150878666 ;
kqd2a =     -0.01138463433 ;
kqf1 =      0.07255742604 ;
kqd0 =       -0.152192521 ;
ksd0 =         7.19918277 ;
ksd4 =        3.104713834 ;
ksf1 =       -4.857612506 ;
ksf5 =      -0.3235409833 ;
ksf6 =        1.704760389 ;
