
! saved on 15/10/08 17:34:23 by T.Risselada

beta.ip5             :=  0.5500000000e+00 ;

kqx.l5               := -0.8730196766e-02 ;
kqx.r5               := -kqx.l5 ;

kq4.l5b1             :=  0.4089763570e-02 ;
kq4.r5b1             := -0.4089763570e-02 ;
kq5.l5b1             := -0.2973733523e-02 ;
kq5.r5b1             :=  0.2973733523e-02 ;
kq6.l5b1             :=  0.6168396790e-03 ;
kq6.r5b1             := -0.6168396790e-03 ;
kq7.l5b1             := -0.7758825878e-02 ;
kq7.r5b1             :=  0.7196612644e-02 ;
kq8.l5b1             :=  0.7711672587e-02 ;
kq8.r5b1             := -0.7662800111e-02 ;
kq9.l5b1             := -0.6408424438e-02 ;
kq9.r5b1             :=  0.6592346604e-02 ;
kq10.l5b1            :=  0.7104654375e-02 ;
kq10.r5b1            := -0.7090373141e-02 ;
kqtl11.l5b1          :=  0.1072462893e-02 ;
kqtl11.r5b1          := -0.6136526843e-03 ;
kqt12.l5b1           := -0.1696988471e-02 ;
kqt12.r5b1           :=  0.9350599081e-03 ;
kqt13.l5b1           := -0.4599579470e-02 ;
kqt13.r5b1           := -0.3176688259e-02 ;

kq4.l5b2             := -0.3986001560e-02 ;
kq4.r5b2             :=  0.3986001560e-02 ;
kq5.l5b2             :=  0.2759772258e-02 ;
kq5.r5b2             := -0.2759772258e-02 ;
kq6.l5b2             := -0.6168396789e-03 ;
kq6.r5b2             :=  0.6168396789e-03 ;
kq7.l5b2             :=  0.7212984105e-02 ;
kq7.r5b2             := -0.8141533921e-02 ;
kq8.l5b2             := -0.7674617020e-02 ;
kq8.r5b2             :=  0.7701284638e-02 ;
kq9.l5b2             :=  0.6669503936e-02 ;
kq9.r5b2             := -0.6316443472e-02 ;
kq10.l5b2            := -0.7227624950e-02 ;
kq10.r5b2            :=  0.7092241519e-02 ;
kqtl11.l5b2          := -0.4243977638e-03 ;
kqtl11.r5b2          :=  0.3350955312e-02 ;
kqt12.l5b2           := -0.4627212292e-02 ;
kqt12.r5b2           := -0.4218888094e-02 ;
kqt13.l5b2           := -0.2508869587e-02 ;
kqt13.r5b2           := -0.1617337230e-02 ;

acbxv1.l5            :=  0.1000000000e-04 *on_sep5 ;
acbxv1.r5            :=  0.1000000000e-04 *on_sep5 ;
acbxh1.l5            :=  0.1000000000e-04   *on_x5 ;
acbxh1.r5            := -0.1000000000e-04   *on_x5 ;
acbyvs4.l5b1         :=  0.3086235486e-04 *on_sep5 ;
acbyvs4.r5b1         :=  0.5474084438e-05 *on_sep5 ;
acbyhs4.l5b1         :=  0.2950040044e-04   *on_x5 ;
acbyhs4.r5b1         :=  0.5979670262e-04   *on_x5 ;
acbch6.l5b1          := -0.5989022437e-04   *on_x5 ;
acbcv5.l5b1          := -0.1694126490e-04 *on_sep5 ;
acbch5.r5b1          := -0.1576479035e-05   *on_x5 ;
acbcv6.r5b1          := -0.8824048738e-06 *on_sep5 ;
acbch7.r5b1          :=  0.0000000000e+00   *on_x5 ;
acbyvs4.l5b2         := -0.5560504919e-05 *on_sep5 ;
acbyvs4.r5b2         := -0.2776310221e-04 *on_sep5 ;
acbyhs4.l5b2         :=  0.6010893921e-04   *on_x5 ;
acbyhs4.r5b2         :=  0.2525887728e-04   *on_x5 ;
acbcv6.l5b2          :=  0.9907904664e-06 *on_sep5 ;
acbch5.l5b2          := -0.1853281836e-05   *on_x5 ;
acbcv5.r5b2          :=  0.1440240309e-04 *on_sep5 ;
acbch6.r5b2          := -0.5463596969e-04   *on_x5 ;
acbch7.l5b2          :=  0.0000000000e+00   *on_x5 ;


return;
