beta.ip2       :=     2.750000000000000 ;

! created by E. Laface on 17/1/2011

x.ip2          :=     0.000700000000000 *on_sep2 ;
y.ip2          :=     0.000000000000000 ;
px.ip2         :=     0.000000000000000 ;
py.ip2         :=     0.000080000000000 *on_x2 ;

kqx.l2         :=     0.008889797681000 ;
kqx.r2         :=    -kqx.l2 ;

kq4.l2b1       :=    -0.003466957047000 ;    //  14/01/2011 18:24  T.R.
kq5.l2b1       :=     0.003111818726000 ;
kq6.l2b1       :=    -0.005119079559000 ;
kq7.l2b1       :=     0.007502433486000 ;
kq8.l2b1       :=    -0.004553927645000 ;
kq9.l2b1       :=     0.006840448571000 ;
kq10.l2b1      :=    -0.006565350384000 ;
kqtl11.l2b1    :=     0.000125254951400 ;
kqt12.l2b1     :=    -0.000681001497700 ;
kqt13.l2b1     :=    -0.000010361094980 ;
kq4.r2b1       :=     0.003741311651000 ;
kq5.r2b1       :=    -0.004046575899000 ;
kq6.r2b1       :=     0.004803642331000 ;
kq7.r2b1       :=    -0.005657711135000 ;
kq8.r2b1       :=     0.004648889964000 ;
kq9.r2b1       :=    -0.005245778610000 ;
kq10.r2b1      :=     0.007424092401000 ;
kqtl11.r2b1    :=    -0.006444323991000 ;
kqt12.r2b1     :=    -0.000232792236500 ;
kqt13.r2b1     :=    -0.000002734068014 ;

kq4.l2b2       :=     0.003437523709000 ;
kq5.l2b2       :=    -0.002344830091000 ;
kq6.l2b2       :=     0.004868666251000 ;
kq7.l2b2       :=    -0.006745009721000 ;
kq8.l2b2       :=     0.005922590039000 ;
kq9.l2b2       :=    -0.007608271417000 ;
kq10.l2b2      :=     0.007426567400000 ;
kqtl11.l2b2    :=    -0.001950089601000 ;
kqt12.l2b2     :=    -0.004435481328000 ;
kqt13.l2b2     :=     0.000507839408400 ;
kq4.r2b2       :=    -0.003549700028000 ;
kq5.r2b2       :=     0.003335483789000 ;
kq6.r2b2       :=    -0.005193597942000 ;
kq7.r2b2       :=     0.007757471204000 ;
kq8.r2b2       :=    -0.005186973823000 ;
kq9.r2b2       :=     0.006942248725000 ;
kq10.r2b2      :=    -0.007163431071000 ;
kqtl11.r2b2    :=     0.000321005495600 ;
kqt12.r2b2     :=    -0.000771584663100 ;
kqt13.r2b2     :=     0.000704757213200 ;

acbxv1.l2      :=     0.000000470588235 *on_x2 ;
acbxv1.r2      :=    -0.000000470588235 *on_x2 ;
acbxv2.l2      :=     0.000000470588235 *on_x2 ;
acbxv2.r2      :=    -0.000000470588235 *on_x2 ;
acbxv3.l2      :=     0.000000470588235 *on_x2 ;
acbxv3.r2      :=    -0.000000470588235 *on_x2 ;
acbyvs4.l2b1   :=     0.000001598510655 *on_x2 ;
acbyvs4.r2b1   :=    -0.000047960185290 *on_x2 ;
acbyvs5.l2b1   :=    -0.000045600852228 *on_x2 ;
acbcvs5.r2b1   :=     0.000046614671468 *on_x2 ;
acbyvs4.l2b2   :=    -0.000032348070326 *on_x2 ;
acbyvs4.r2b2   :=     0.000019670456518 *on_x2 ;
acbyvs5.l2b2   :=     0.000034962953224 *on_x2 ;
acbcvs5.r2b2   :=    -0.000067100244901 *on_x2 ;
acbxh1.l2      :=     0.000005250000000 *on_sep2 ;
acbxh1.r2      :=     0.000005250000000 *on_sep2 ;
acbxh2.l2      :=     0.000005250000000 *on_sep2 ;
acbxh2.r2      :=     0.000005250000000 *on_sep2 ;
acbxh3.l2      :=     0.000005250000000 *on_sep2 ;
acbxh3.r2      :=     0.000005250000000 *on_sep2 ;
acbyhs4.l2b1   :=     0.000014167019013 *on_sep2 ;
acbyhs4.r2b1   :=     0.000000760788398 *on_sep2 ;
acbyhs5.l2b1   :=    -0.000004257362638 *on_sep2 ;
acbchs5.r2b1   :=     0.000009498819889 *on_sep2 ;
acbyhs4.l2b2   :=    -0.000003029804157 *on_sep2 ;
acbyhs4.r2b2   :=    -0.000015882709411 *on_sep2 ;
acbyhs5.l2b2   :=    -0.000006549241957 *on_sep2 ;
acbchs5.r2b2   :=     0.000005540867138 *on_sep2 ;
acbcv6.l2b1    :=     0.000000000000000 ;
acbyh5.l2b1    :=     0.000000000000000 ;
acbyv4.l2b1    :=     0.000000000000000 ;
acbyh4.r2b1    :=     0.000000000000000 ;
acbcv5.r2b1    :=     0.000000000000000 ;
acbch6.r2b1    :=     0.000000000000000 ;
acbch6.l2b2    :=     0.000000000000000 ;
acbyv5.l2b2    :=     0.000000000000000 ;
acbyh4.l2b2    :=     0.000000000000000 ;
acbyv4.r2b2    :=     0.000000000000000 ;
acbch5.r2b2    :=     0.000000000000000 ;
acbcv6.r2b2    :=     0.000000000000000 ;
