beta.ip1             :=  0.7000000000E+01 ;
x.ip1                := -0.5000000000E-03 *on_sep1 ;
y.ip1                := -0.1957180367E-03   *on_x1 ;
px.ip1               :=  0.0000000000E+00   *on_x1 ;
py.ip1               :=  0.5577964046E-04   *on_x1 ;

! written on  2/11/2005  16:51 by S.Fartoukh




kqx.l1               := -0.8683487594E-02 ;
kqx.r1               := -kqx.l1 ;

kq4.l1b1             :=  0.3933990434E-02 ;
kq4.r1b1             := -0.3933990434E-02 ;
kq5.l1b1             := -0.5226830862E-02 ;
kq5.r1b1             :=  0.5226830862E-02 ;
kq6.l1b1             :=  0.5392982768E-02 ;
kq6.r1b1             := -0.5392982768E-02 ;
kq7.l1b1             := -0.4918087516E-02 ;
kq7.r1b1             :=  0.4825956877E-02 ;
kq8.l1b1             :=  0.6964982472E-02 ;
kq8.r1b1             := -0.6964092309E-02 ;
kq9.l1b1             := -0.6405533089E-02 ;
kq9.r1b1             :=  0.6616477078E-02 ;
kq10.l1b1            :=  0.7282230036E-02 ;
kq10.r1b1            := -0.7301227694E-02 ;
kqtl11.l1b1          := -0.1587758823E-02 ;
kqtl11.r1b1          :=  0.2211527991E-03 ;
kqt12.l1b1           := -0.4233023133E-03 ;
kqt12.r1b1           := -0.2533098071E-03 ;
kqt13.l1b1           := -0.4599579470E-02 ;
kqt13.r1b1           := -0.3276646484E-02 ;

kq4.l1b2             := -0.3998422894E-02 ;
kq4.r1b2             :=  0.3998422894E-02 ;
kq5.l1b2             :=  0.5459141084E-02 ;
kq5.r1b2             := -0.5459141084E-02 ;
kq6.l1b2             := -0.5392982768E-02 ;
kq6.r1b2             :=  0.5392982768E-02 ;
kq7.l1b2             :=  0.4759125179E-02 ;
kq7.r1b2             := -0.4689248832E-02 ;
kq8.l1b2             := -0.7014102876E-02 ;
kq8.r1b2             :=  0.6971491762E-02 ;
kq9.l1b2             :=  0.6538082753E-02 ;
kq9.r1b2             := -0.6627533982E-02 ;
kq10.l1b2            := -0.7169555165E-02 ;
kq10.r1b2            :=  0.7412906352E-02 ;
kqtl11.l1b2          :=  0.8258882054E-04 ;
kqtl11.r1b2          := -0.2616282612E-02 ;
kqt12.l1b2           :=  0.1243944673E-02 ;
kqt12.r1b2           := -0.7020324691E-03 ;
kqt13.l1b2           := -0.4762867545E-02 ;
kqt13.r1b2           := -0.1625528490E-02 ;



acbxv1.l1            :=  0.1000000000E-04   *on_x1 ;
acbxv1.r1            := -0.1000000000E-04   *on_x1 ;
acbxh1.l1            := -0.1000000000E-04 *on_sep1 ;
acbxh1.r1            := -0.1000000000E-04 *on_sep1 ;
acbyvs4.l1b1         := -0.3942372979E-04   *on_x1 ;
acbyvs4.r1b1         := -0.2796685854E-05   *on_x1 ;
acbyhs4.l1b1         := -0.5096120804E-05 *on_sep1 ;
acbyhs4.r1b1         := -0.3004870300E-04 *on_sep1 ;
acbch6.l1b1          :=  0.4255087612E-06 *on_sep1 ;
acbcv5.l1b1          :=  0.1168662391E-04   *on_x1 ;
acbch5.r1b1          :=  0.1655270264E-04 *on_sep1 ;
acbcv6.r1b1          :=  0.1149794178E-04   *on_x1 ;
acbch7.r1b1          :=  0.0000000000E+00 *on_sep1 ;

acbyvs4.l1b2         := -0.1961925854E-05   *on_x1 ;
acbyvs4.r1b2         := -0.4186646314E-04   *on_x1 ;
acbyhs4.l1b2         :=  0.2715565861E-04 *on_sep1 ;
acbyhs4.r1b2         :=  0.5126173392E-05 *on_sep1 ;
acbcv6.l1b2          :=  0.1082580196E-04   *on_x1 ;
acbch5.l1b2          := -0.1456712107E-04 *on_sep1 ;
acbcv5.r1b2          :=  0.1330299363E-04   *on_x1 ;
acbch6.r1b2          := -0.4411780382E-06 *on_sep1 ;
acbch7.l1b2          :=  0.0000000000E+00 *on_sep1 ;

