beta.ip1             :=  0.4000000000E+01 ;
x.ip1                := -0.5000000000E-03 *on_sep1 ;
y.ip1                := -0.2437194916E-03   *on_x1 ;
px.ip1               :=  0.0000000000E+00   *on_x1 ;
py.ip1               :=  0.6946005511E-04   *on_x1 ;

! written on  2/11/2005  16:51 by S.Fartoukh




kqx.l1               := -0.8708643554E-02 ;
kqx.r1               := -kqx.l1 ;

kq4.l1b1             :=  0.3394304841E-02 ;
kq4.r1b1             := -0.3394304841E-02 ;
kq5.l1b1             := -0.4690885153E-02 ;
kq5.r1b1             :=  0.4690885153E-02 ;
kq6.l1b1             :=  0.5094347186E-02 ;
kq6.r1b1             := -0.5094347186E-02 ;
kq7.l1b1             := -0.5603612605E-02 ;
kq7.r1b1             :=  0.5463428945E-02 ;
kq8.l1b1             :=  0.7179748908E-02 ;
kq8.r1b1             := -0.7165705633E-02 ;
kq9.l1b1             := -0.6415646718E-02 ;
kq9.r1b1             :=  0.6620023366E-02 ;
kq10.l1b1            :=  0.7254769006E-02 ;
kq10.r1b1            := -0.7268517474E-02 ;
kqtl11.l1b1          := -0.1316854762E-02 ;
kqtl11.r1b1          :=  0.1275239765E-03 ;
kqt12.l1b1           := -0.4233023133E-03 ;
kqt12.r1b1           := -0.2533098071E-03 ;
kqt13.l1b1           := -0.4599579470E-02 ;
kqt13.r1b1           := -0.3276646484E-02 ;

kq4.l1b2             := -0.3699666071E-02 ;
kq4.r1b2             :=  0.3699666071E-02 ;
kq5.l1b2             :=  0.4982347826E-02 ;
kq5.r1b2             := -0.4982347826E-02 ;
kq6.l1b2             := -0.4838682247E-02 ;
kq6.r1b2             :=  0.4838682247E-02 ;
kq7.l1b2             :=  0.5260321397E-02 ;
kq7.r1b2             := -0.4959628214E-02 ;
kq8.l1b2             := -0.7503156051E-02 ;
kq8.r1b2             :=  0.7343625021E-02 ;
kq9.l1b2             :=  0.6558263173E-02 ;
kq9.r1b2             := -0.6536349309E-02 ;
kq10.l1b2            := -0.7640858227E-02 ;
kq10.r1b2            :=  0.7425667203E-02 ;
kqtl11.l1b2          :=  0.3227270919E-03 ;
kqtl11.r1b2          := -0.1971625406E-02 ;
kqt12.l1b2           := -0.4319821371E-02 ;
kqt12.r1b2           := -0.1485802342E-02 ;
kqt13.l1b2           := -0.4762867545E-02 ;
kqt13.r1b2           :=  0.3878952328E-02 ;



acbxv1.l1            :=  0.1000000000E-04   *on_x1 ;
acbxv1.r1            := -0.1000000000E-04   *on_x1 ;
acbxh1.l1            := -0.1000000000E-04 *on_sep1 ;
acbxh1.r1            := -0.1000000000E-04 *on_sep1 ;
acbyvs4.l1b1         := -0.4281785360E-04   *on_x1 ;
acbyvs4.r1b1         := -0.9755424962E-05   *on_x1 ;
acbyhs4.l1b1         := -0.5447292467E-05 *on_sep1 ;
acbyhs4.r1b1         := -0.2977146995E-04 *on_sep1 ;
acbch6.l1b1          :=  0.6448915896E-06 *on_sep1 ;
acbcv5.l1b1          :=  0.1050154863E-04   *on_x1 ;
acbch5.r1b1          :=  0.1687691526E-04 *on_sep1 ;
acbcv6.r1b1          :=  0.1800111180E-04   *on_x1 ;
acbch7.r1b1          :=  0.0000000000E+00 *on_sep1 ;

acbyvs4.l1b2         := -0.7476644581E-05   *on_x1 ;
acbyvs4.r1b2         := -0.4523089066E-04   *on_x1 ;
acbyhs4.l1b2         :=  0.2710867549E-04 *on_sep1 ;
acbyhs4.r1b2         :=  0.5458223118E-05 *on_sep1 ;
acbcv6.l1b2          :=  0.1685303575E-04   *on_x1 ;
acbch5.l1b2          := -0.1471956134E-04 *on_sep1 ;
acbcv5.r1b2          :=  0.1200796872E-04   *on_x1 ;
acbch6.r1b2          := -0.6702263339E-06 *on_sep1 ;
acbch7.l1b2          :=  0.0000000000E+00 *on_sep1 ;

