beta.ip1             :=  0.6500000000E+00 ;
x.ip1                := -0.5000000000E-03 *on_sep1 ;
y.ip1                := -0.4989593740E-03   *on_x1 ;
px.ip1               :=  0.0000000000E+00   *on_x1 ;
py.ip1               :=  0.1422034216E-03   *on_x1 ;

! written on  2/11/2005  16:51 by S.Fartoukh




kqx.l1               := -0.8730196766E-02 ;
kqx.r1               := -kqx.l1 ;

kq4.l1b1             :=  0.4057216869E-02 ;
kq4.r1b1             := -0.4057216869E-02 ;
kq5.l1b1             := -0.3170980197E-02 ;
kq5.r1b1             :=  0.3170980197E-02 ;
kq6.l1b1             :=  0.1203272469E-02 ;
kq6.r1b1             := -0.1203272469E-02 ;
kq7.l1b1             := -0.7578730211E-02 ;
kq7.r1b1             :=  0.6995862769E-02 ;
kq8.l1b1             :=  0.7701343957E-02 ;
kq8.r1b1             := -0.7637642553E-02 ;
kq9.l1b1             := -0.6401841663E-02 ;
kq9.r1b1             :=  0.6597915724E-02 ;
kq10.l1b1            :=  0.7107711907E-02 ;
kq10.r1b1            := -0.7099726036E-02 ;
kqtl11.l1b1          :=  0.1072462893E-02 ;
kqtl11.r1b1          := -0.5186584507E-03 ;
kqt12.l1b1           := -0.1667450950E-02 ;
kqt12.r1b1           :=  0.6097733617E-03 ;
kqt13.l1b1           := -0.4599579470E-02 ;
kqt13.r1b1           := -0.3176688259E-02 ;

kq4.l1b2             := -0.3973214721E-02 ;
kq4.r1b2             :=  0.3973214721E-02 ;
kq5.l1b2             :=  0.2985157855E-02 ;
kq5.r1b2             := -0.2985157855E-02 ;
kq6.l1b2             := -0.1201768270E-02 ;
kq6.r1b2             :=  0.1201768270E-02 ;
kq7.l1b2             :=  0.7020864556E-02 ;
kq7.r1b2             := -0.8063363945E-02 ;
kq8.l1b2             := -0.7682865149E-02 ;
kq8.r1b2             :=  0.7711561194E-02 ;
kq9.l1b2             :=  0.6677837217E-02 ;
kq9.r1b2             := -0.6311192117E-02 ;
kq10.l1b2            := -0.7217523331E-02 ;
kq10.r1b2            :=  0.7074413530E-02 ;
kqtl11.l1b2          := -0.3534537882E-03 ;
kqtl11.r1b2          :=  0.3787404848E-02 ;
kqt12.l1b2           := -0.4627214274E-02 ;
kqt12.r1b2           := -0.4508373205E-02 ;
kqt13.l1b2           := -0.2508869587E-02 ;
kqt13.r1b2           := -0.1617337230E-02 ;



acbxv1.l1            :=  0.1000000000E-04   *on_x1 ;
acbxv1.r1            := -0.1000000000E-04   *on_x1 ;
acbxh1.l1            := -0.1000000000E-04 *on_sep1 ;
acbxh1.r1            := -0.1000000000E-04 *on_sep1 ;
acbyvs4.l1b1         := -0.5972986084E-04   *on_x1 ;
acbyvs4.r1b1         := -0.3049373796E-04   *on_x1 ;
acbyhs4.l1b1         := -0.5485872544E-05 *on_sep1 ;
acbyhs4.r1b1         := -0.3082858915E-04 *on_sep1 ;
acbch6.l1b1          :=  0.8707364628E-06 *on_sep1 ;
acbcv5.l1b1          :=  0.1618245353E-05   *on_x1 ;
acbch5.r1b1          :=  0.1695034002E-04 *on_sep1 ;
acbcv6.r1b1          :=  0.5897251358E-04   *on_x1 ;
acbch7.r1b1          :=  0.0000000000E+00 *on_sep1 ;

acbyvs4.l1b2         := -0.2624042530E-04   *on_x1 ;
acbyvs4.r1b2         := -0.6005269000E-04   *on_x1 ;
acbyhs4.l1b2         :=  0.2774569112E-04 *on_sep1 ;
acbyhs4.r1b2         :=  0.5567700095E-05 *on_sep1 ;
acbcv6.l1b2          :=  0.5408815740E-04   *on_x1 ;
acbch5.l1b2          := -0.1445048007E-04 *on_sep1 ;
acbcv5.r1b2          :=  0.1896953454E-05   *on_x1 ;
acbch6.r1b2          := -0.9692916810E-06 *on_sep1 ;
acbch7.l1b2          :=  0.0000000000E+00 *on_sep1 ;

