beta.ip1             :=  0.3500000000E+01 ;
x.ip1                := -0.5000000000E-03 *on_sep1 ;
y.ip1                := -0.2570382712E-03   *on_x1 ;
px.ip1               :=  0.0000000000E+00   *on_x1 ;
py.ip1               :=  0.7325590730E-04   *on_x1 ;

! written on  2/11/2005  16:51 by S.Fartoukh




kqx.l1               := -0.8711533809E-02 ;
kqx.r1               := -kqx.l1 ;

kq4.l1b1             :=  0.3396821903E-02 ;
kq4.r1b1             := -0.3396821903E-02 ;
kq5.l1b1             := -0.4570981690E-02 ;
kq5.r1b1             :=  0.4570981690E-02 ;
kq6.l1b1             :=  0.4932980102E-02 ;
kq6.r1b1             := -0.4932980102E-02 ;
kq7.l1b1             := -0.5726472882E-02 ;
kq7.r1b1             :=  0.5574762152E-02 ;
kq8.l1b1             :=  0.7248986416E-02 ;
kq8.r1b1             := -0.7231918452E-02 ;
kq9.l1b1             := -0.6420984465E-02 ;
kq9.r1b1             :=  0.6623146509E-02 ;
kq10.l1b1            :=  0.7250132484E-02 ;
kq10.r1b1            := -0.7261613501E-02 ;
kqtl11.l1b1          := -0.1246766794E-02 ;
kqtl11.r1b1          :=  0.9919808564E-04 ;
kqt12.l1b1           := -0.4233023133E-03 ;
kqt12.r1b1           := -0.2533098071E-03 ;
kqt13.l1b1           := -0.4599579470E-02 ;
kqt13.r1b1           := -0.3276646484E-02 ;

kq4.l1b2             := -0.3722738666E-02 ;
kq4.r1b2             :=  0.3722738666E-02 ;
kq5.l1b2             :=  0.4742478560E-02 ;
kq5.r1b2             := -0.4742478560E-02 ;
kq6.l1b2             := -0.4571404377E-02 ;
kq6.r1b2             :=  0.4571404377E-02 ;
kq7.l1b2             :=  0.5329873881E-02 ;
kq7.r1b2             := -0.5060758133E-02 ;
kq8.l1b2             := -0.7628103071E-02 ;
kq8.r1b2             :=  0.7490444873E-02 ;
kq9.l1b2             :=  0.6571916355E-02 ;
kq9.r1b2             := -0.6574445303E-02 ;
kq10.l1b2            := -0.7633785690E-02 ;
kq10.r1b2            :=  0.7429908390E-02 ;
kqtl11.l1b2          :=  0.2982307333E-03 ;
kqtl11.r1b2          := -0.1888775044E-02 ;
kqt12.l1b2           := -0.4319821371E-02 ;
kqt12.r1b2           := -0.1485802342E-02 ;
kqt13.l1b2           := -0.4762867545E-02 ;
kqt13.r1b2           :=  0.4113292002E-02 ;



acbxv1.l1            :=  0.1000000000E-04   *on_x1 ;
acbxv1.r1            := -0.1000000000E-04   *on_x1 ;
acbxh1.l1            := -0.1000000000E-04 *on_sep1 ;
acbxh1.r1            := -0.1000000000E-04 *on_sep1 ;
acbyvs4.l1b1         := -0.4374334586E-04   *on_x1 ;
acbyvs4.r1b1         := -0.1134905970E-04   *on_x1 ;
acbyhs4.l1b1         := -0.5477122064E-05 *on_sep1 ;
acbyhs4.r1b1         := -0.2981284002E-04 *on_sep1 ;
acbch6.l1b1          :=  0.6725863335E-06 *on_sep1 ;
acbcv5.l1b1          :=  0.1005296257E-04   *on_x1 ;
acbch5.r1b1          :=  0.1690258936E-04 *on_sep1 ;
acbcv6.r1b1          :=  0.1995822600E-04   *on_x1 ;
acbch7.r1b1          :=  0.0000000000E+00 *on_sep1 ;

acbyvs4.l1b2         := -0.8582161593E-05   *on_x1 ;
acbyvs4.r1b2         := -0.4607126636E-04   *on_x1 ;
acbyhs4.l1b2         :=  0.2717667224E-04 *on_sep1 ;
acbyhs4.r1b2         :=  0.5481296558E-05 *on_sep1 ;
acbcv6.l1b2          :=  0.1876294778E-04   *on_x1 ;
acbch5.l1b2          := -0.1469069006E-04 *on_sep1 ;
acbcv5.r1b2          :=  0.1151118046E-04   *on_x1 ;
acbch6.r1b2          := -0.7051223818E-06 *on_sep1 ;
acbch7.l1b2          :=  0.0000000000E+00 *on_sep1 ;

