beta.ip1             :=  0.9000000000E+01 ;
x.ip1                := -0.5000000000E-03 *on_sep1 ;
y.ip1                := -0.1777571701E-03   *on_x1 ;
px.ip1               :=  0.0000000000E+00   *on_x1 ;
py.ip1               :=  0.5066079347E-04   *on_x1 ;

! written on  2/11/2005  16:51 by S.Fartoukh




kqx.l1               := -0.8646695592E-02 ;
kqx.r1               := -kqx.l1 ;

kq4.l1b1             :=  0.4593354077E-02 ;
kq4.r1b1             := -0.4593354077E-02 ;
kq5.l1b1             := -0.5559816920E-02 ;
kq5.r1b1             :=  0.5559816920E-02 ;
kq6.l1b1             :=  0.5292253289E-02 ;
kq6.r1b1             := -0.5292253289E-02 ;
kq7.l1b1             := -0.4499603993E-02 ;
kq7.r1b1             :=  0.4425609021E-02 ;
kq8.l1b1             :=  0.6955241786E-02 ;
kq8.r1b1             := -0.6956726421E-02 ;
kq9.l1b1             := -0.6408735388E-02 ;
kq9.r1b1             :=  0.6618995644E-02 ;
kq10.l1b1            :=  0.7300380931E-02 ;
kq10.r1b1            := -0.7316863984E-02 ;
kqtl11.l1b1          := -0.1689711655E-02 ;
kqtl11.r1b1          :=  0.2463898356E-03 ;
kqt12.l1b1           := -0.4233023133E-03 ;
kqt12.r1b1           := -0.2533098071E-03 ;
kqt13.l1b1           := -0.4599579470E-02 ;
kqt13.r1b1           := -0.3276646484E-02 ;

kq4.l1b2             := -0.4538629725E-02 ;
kq4.r1b2             :=  0.4538629725E-02 ;
kq5.l1b2             :=  0.5687004781E-02 ;
kq5.r1b2             := -0.5687004781E-02 ;
kq6.l1b2             := -0.5292253289E-02 ;
kq6.r1b2             :=  0.5292253289E-02 ;
kq7.l1b2             :=  0.4403631886E-02 ;
kq7.r1b2             := -0.4339891010E-02 ;
kq8.l1b2             := -0.6959979020E-02 ;
kq8.r1b2             :=  0.6918360174E-02 ;
kq9.l1b2             :=  0.6579187684E-02 ;
kq9.r1b2             := -0.6682955605E-02 ;
kq10.l1b2            := -0.7193929065E-02 ;
kq10.r1b2            :=  0.7424341060E-02 ;
kqtl11.l1b2          :=  0.1114479136E-03 ;
kqtl11.r1b2          := -0.2572209345E-02 ;
kqt12.l1b2           :=  0.1243944673E-02 ;
kqt12.r1b2           := -0.8754457999E-03 ;
kqt13.l1b2           := -0.4401411022E-02 ;
kqt13.r1b2           := -0.1625528490E-02 ;



acbxv1.l1            :=  0.1000000000E-04   *on_x1 ;
acbxv1.r1            := -0.1000000000E-04   *on_x1 ;
acbxh1.l1            := -0.1000000000E-04 *on_sep1 ;
acbxh1.r1            := -0.1000000000E-04 *on_sep1 ;
acbyvs4.l1b1         := -0.3744814078E-04   *on_x1 ;
acbyvs4.r1b1         := -0.2424918683E-06   *on_x1 ;
acbyhs4.l1b1         := -0.4661508584E-05 *on_sep1 ;
acbyhs4.r1b1         := -0.3026952960E-04 *on_sep1 ;
acbch6.l1b1          :=  0.1227889805E-06 *on_sep1 ;
acbcv5.l1b1          :=  0.1135845449E-04   *on_x1 ;
acbch5.r1b1          :=  0.1610598741E-04 *on_sep1 ;
acbcv6.r1b1          :=  0.9698714956E-05   *on_x1 ;
acbch7.r1b1          :=  0.0000000000E+00 *on_sep1 ;

acbyvs4.l1b2         :=  0.2320321867E-06   *on_x1 ;
acbyvs4.r1b2         := -0.3969670926E-04   *on_x1 ;
acbyhs4.l1b2         :=  0.2733225435E-04 *on_sep1 ;
acbyhs4.r1b2         :=  0.4673164730E-05 *on_sep1 ;
acbcv6.l1b2          :=  0.9145993037E-05   *on_x1 ;
acbch5.l1b2          := -0.1423377129E-04 *on_sep1 ;
acbcv5.r1b2          :=  0.1289010837E-04   *on_x1 ;
acbch6.r1b2          := -0.1281495371E-06 *on_sep1 ;
acbch7.l1b2          :=  0.0000000000E+00 *on_sep1 ;

