beta.ip1             :=  0.5500000000E+00 ;
x.ip1                := -0.5000000000E-03 *on_sep1 ;
y.ip1                := -0.5000000000E-03   *on_x1 ;
px.ip1               :=  0.0000000000E+00   *on_x1 ;
py.ip1               :=  0.1425000000E-03   *on_x1 ;

! saved on 15/10/08 17:42:39 by T.Risselada

kqx.l1               := -0.8730196766E-02 ;
kqx.r1               := -kqx.l1 ;

kq4.l1b1             :=  0.4089763570E-02 ;
kq4.r1b1             := -0.4089763570E-02 ;
kq5.l1b1             := -0.2973733523E-02 ;
kq5.r1b1             :=  0.2973733523E-02 ;
kq6.l1b1             :=  0.6168396790E-03 ;
kq6.r1b1             := -0.6168396790E-03 ;
kq7.l1b1             := -0.7758825878E-02 ;
kq7.r1b1             :=  0.7196612644E-02 ;
kq8.l1b1             :=  0.7711672587E-02 ;
kq8.r1b1             := -0.7662800111E-02 ;
kq9.l1b1             := -0.6408424438E-02 ;
kq9.r1b1             :=  0.6592346604E-02 ;
kq10.l1b1            :=  0.7104654375E-02 ;
kq10.r1b1            := -0.7090373141E-02 ;
kqtl11.l1b1          :=  0.1072462893E-02 ;
kqtl11.r1b1          := -0.6136526843E-03 ;
kqt12.l1b1           := -0.1696988471E-02 ;
kqt12.r1b1           :=  0.9350599081E-03 ;
kqt13.l1b1           := -0.4599579470E-02 ;
kqt13.r1b1           := -0.3176688259E-02 ;

kq4.l1b2             := -0.3986001560E-02 ;
kq4.r1b2             :=  0.3986001560E-02 ;
kq5.l1b2             :=  0.2759772258E-02 ;
kq5.r1b2             := -0.2759772258E-02 ;
kq6.l1b2             := -0.6168396789E-03 ;
kq6.r1b2             :=  0.6168396789E-03 ;
kq7.l1b2             :=  0.7212984105E-02 ;
kq7.r1b2             := -0.8141533921E-02 ;
kq8.l1b2             := -0.7674617020E-02 ;
kq8.r1b2             :=  0.7701284638E-02 ;
kq9.l1b2             :=  0.6669503936E-02 ;
kq9.r1b2             := -0.6316443472E-02 ;
kq10.l1b2            := -0.7227624950E-02 ;
kq10.r1b2            :=  0.7092241519E-02 ;
kqtl11.l1b2          := -0.4243977638E-03 ;
kqtl11.r1b2          :=  0.3350955312E-02 ;
kqt12.l1b2           := -0.4627212292E-02 ;
kqt12.r1b2           := -0.4218888094E-02 ;
kqt13.l1b2           := -0.2508869587E-02 ;
kqt13.r1b2           := -0.1617337230E-02 ;

acbxv1.l1            :=  0.1000000000e-04   *on_x1 ;
acbxv1.r1            := -0.1000000000e-04   *on_x1 ;
acbxh1.l1            := -0.1000000000e-04 *on_sep1 ;
acbxh1.r1            := -0.1000000000e-04 *on_sep1 ;
acbyvs4.l1b1         := -0.5979840176e-04   *on_x1 ;
acbyvs4.r1b1         := -0.2949938264e-04   *on_x1 ;
acbyhs4.l1b1         := -0.5474051042e-05 *on_sep1 ;
acbyhs4.r1b1         := -0.3086233641e-04 *on_sep1 ;
acbch6.l1b1          :=  0.8823763887e-06 *on_sep1 ;
acbcv5.l1b1          :=  0.1577442319e-05   *on_x1 ;
acbch5.r1b1          :=  0.1694122122e-04 *on_sep1 ;
acbcv6.r1b1          :=  0.5988982574e-04   *on_x1 ;
acbch7.r1b1          :=  0.0000000000e+00 *on_sep1 ;
acbyvs4.l1b2         := -0.2525788771e-04   *on_x1 ;
acbyvs4.r1b2         := -0.6011082654e-04   *on_x1 ;
acbyhs4.l1b2         :=  0.2776309096e-04 *on_sep1 ;
acbyhs4.r1b2         :=  0.5560466458e-05 *on_sep1 ;
acbcv6.l1b2          :=  0.5463560603e-04   *on_x1 ;
acbch5.l1b2          := -0.1440236538e-04 *on_sep1 ;
acbcv5.r1b2          :=  0.1854412298e-05   *on_x1 ;
acbch6.r1b2          := -0.9907538997e-06 *on_sep1 ;
acbch7.l1b2          :=  0.0000000000e+00 *on_sep1 ;

return;
