beta.ip1             :=  0.1700000000E+02 ;
x.ip1                := -0.5000000000E-03 *on_sep1 ;
y.ip1                := -0.1403508772E-03   *on_x1 ;
px.ip1               :=  0.0000000000E+00   *on_x1 ;
py.ip1               :=  0.4000000000E-04   *on_x1 ;

! written on  2/11/2005  16:51 by S.Fartoukh




kqx.l1               := -0.8361124085E-02 ;
kqx.r1               := -kqx.l1 ;

kq4.l1b1             :=  0.5234694100E-02 ;
kq4.r1b1             := -0.5234926296E-02 ;
kq5.l1b1             := -0.5904620798E-02 ;
kq5.r1b1             :=  0.5904410058E-02 ;
kq6.l1b1             :=  0.5112252088E-02 ;
kq6.r1b1             := -0.5112091198E-02 ;
kq7.l1b1             := -0.4080901045E-02 ;
kq7.r1b1             :=  0.4070821181E-02 ;
kq8.l1b1             :=  0.6487111101E-02 ;
kq8.r1b1             := -0.6508430635E-02 ;
kq9.l1b1             := -0.6974107671E-02 ;
kq9.r1b1             :=  0.6962922697E-02 ;
kq10.l1b1            :=  0.7347509091E-02 ;
kq10.r1b1            := -0.7437545314E-02 ;
kqtl11.l1b1          := -0.2027692996E-02 ;
kqtl11.r1b1          :=  0.3460367240E-03 ;
kqt12.l1b1           := -0.1247524338E-02 ;
kqt12.r1b1           := -0.3275170000E-03 ;
kqt13.l1b1           := -0.4719823750E-02 ;
kqt13.r1b1           := -0.1275242440E-03 ;

kq4.l1b2             := -0.5081880569E-02 ;
kq4.r1b2             :=  0.5081880569E-02 ;
kq5.l1b2             :=  0.5970018312E-02 ;
kq5.r1b2             := -0.5970018312E-02 ;
kq6.l1b2             := -0.5213308755E-02 ;
kq6.r1b2             :=  0.5213308755E-02 ;
kq7.l1b2             :=  0.4067596836E-02 ;
kq7.r1b2             := -0.3997385274E-02 ;
kq8.l1b2             := -0.6460995267E-02 ;
kq8.r1b2             :=  0.6358686376E-02 ;
kq9.l1b2             :=  0.6951763372E-02 ;
kq9.r1b2             := -0.6883109613E-02 ;
kq10.l1b2            := -0.7625437169E-02 ;
kq10.r1b2            :=  0.7389247350E-02 ;
kqtl11.l1b2          :=  0.5134013100E-03 ;
kqtl11.r1b2          := -0.1417318305E-02 ;
kqt12.l1b2           := -0.4423998207E-02 ;
kqt12.r1b2           := -0.2338216969E-02 ;
kqt13.l1b2           := -0.4022551870E-03 ;
kqt13.r1b2           := -0.1616645752E-02 ;



acbxv1.l1            :=  0.1000000000E-04   *on_x1 ;
acbxv1.r1            := -0.1000000000E-04   *on_x1 ;
acbxh1.l1            := -0.1000000000E-04 *on_sep1 ;
acbxh1.r1            := -0.1000000000E-04 *on_sep1 ;
acbyvs4.l1b1         := -0.2558744938E-04   *on_x1 ;
acbyvs4.r1b1         := -0.9780095000E-06   *on_x1 ;
acbyhs4.l1b1         := -0.2183675321E-05 *on_sep1 ;
acbyhs4.r1b1         := -0.2673511658E-04 *on_sep1 ;
acbch6.l1b1          := -0.2098199953E-05 *on_sep1 ;
acbcv5.l1b1          :=  0.6510271577E-05   *on_x1 ;
acbch5.r1b1          :=  0.1339997978E-04 *on_sep1 ;
acbcv6.r1b1          :=  0.9215201101E-05   *on_x1 ;
acbch7.r1b1          :=  0.0000000000E+00 *on_sep1 ;

acbyvs4.l1b2         := -0.7331661061E-06   *on_x1 ;
acbyvs4.r1b2         := -0.2681602782E-04   *on_x1 ;
acbyhs4.l1b2         :=  0.2420876441E-04 *on_sep1 ;
acbyhs4.r1b2         :=  0.1936923466E-05 *on_sep1 ;
acbcv6.l1b2          :=  0.8686163350E-05   *on_x1 ;
acbch5.l1b2          := -0.1189855593E-04 *on_sep1 ;
acbcv5.r1b2          :=  0.7362607585E-05   *on_x1 ;
acbch6.r1b2          :=  0.2202076637E-05 *on_sep1 ;
acbch7.l1b2          :=  0.0000000000E+00 *on_sep1 ;

