beta.ip1             :=  0.1100000000E+02 ;
x.ip1                := -0.5000000000E-03 *on_sep1 ;
y.ip1                := -0.1647929683E-03   *on_x1 ;
px.ip1               :=  0.0000000000E+00   *on_x1 ;
py.ip1               :=  0.4696599597E-04   *on_x1 ;

! written on  2/11/2005  16:51 by S.Fartoukh




kqx.l1               := -0.8576824107E-02 ;
kqx.r1               := -kqx.l1 ;

kq4.l1b1             :=  0.5010606380E-02 ;
kq4.r1b1             := -0.5010606380E-02 ;
kq5.l1b1             := -0.5788425414E-02 ;
kq5.r1b1             :=  0.5788425414E-02 ;
kq6.l1b1             :=  0.5132219137E-02 ;
kq6.r1b1             := -0.5132219137E-02 ;
kq7.l1b1             := -0.4109693955E-02 ;
kq7.r1b1             :=  0.4078291107E-02 ;
kq8.l1b1             :=  0.6821699680E-02 ;
kq8.r1b1             := -0.6838591074E-02 ;
kq9.l1b1             := -0.6471173519E-02 ;
kq9.r1b1             :=  0.6616470855E-02 ;
kq10.l1b1            :=  0.7324181884E-02 ;
kq10.r1b1            := -0.7348326031E-02 ;
kqtl11.l1b1          := -0.2080725867E-02 ;
kqtl11.r1b1          :=  0.2755514119E-03 ;
kqt12.l1b1           := -0.4233023133E-03 ;
kqt12.r1b1           := -0.2533098071E-03 ;
kqt13.l1b1           := -0.4599579470E-02 ;
kqt13.r1b1           := -0.3276646484E-02 ;

kq4.l1b2             := -0.4979312483E-02 ;
kq4.r1b2             :=  0.4979312483E-02 ;
kq5.l1b2             :=  0.5888990211E-02 ;
kq5.r1b2             := -0.5888990211E-02 ;
kq6.l1b2             := -0.5132219137E-02 ;
kq6.r1b2             :=  0.5132219137E-02 ;
kq7.l1b2             :=  0.4032968080E-02 ;
kq7.r1b2             := -0.4032968080E-02 ;
kq8.l1b2             := -0.6831254710E-02 ;
kq8.r1b2             :=  0.6834409919E-02 ;
kq9.l1b2             :=  0.6575552098E-02 ;
kq9.r1b2             := -0.6755168274E-02 ;
kq10.l1b2            := -0.7191649486E-02 ;
kq10.r1b2            :=  0.7436701757E-02 ;
kqtl11.l1b2          :=  0.1323282881E-03 ;
kqtl11.r1b2          := -0.2666351580E-02 ;
kqt12.l1b2           :=  0.1243944673E-02 ;
kqt12.r1b2           := -0.1011126802E-02 ;
kqt13.l1b2           := -0.4361967128E-02 ;
kqt13.r1b2           := -0.1625528490E-02 ;



acbxv1.l1            :=  0.1000000000E-04   *on_x1 ;
acbxv1.r1            := -0.1000000000E-04   *on_x1 ;
acbxh1.l1            := -0.1000000000E-04 *on_sep1 ;
acbxh1.r1            := -0.1000000000E-04 *on_sep1 ;
acbyvs4.l1b1         := -0.3416042054E-04   *on_x1 ;
acbyvs4.r1b1         :=  0.2382801157E-06   *on_x1 ;
acbyhs4.l1b1         := -0.4005608721E-05 *on_sep1 ;
acbyhs4.r1b1         := -0.2971250462E-04 *on_sep1 ;
acbch6.l1b1          := -0.4345722175E-06 *on_sep1 ;
acbcv5.l1b1          :=  0.1004358569E-04   *on_x1 ;
acbch5.r1b1          :=  0.1540586108E-04 *on_sep1 ;
acbcv6.r1b1          :=  0.9233364856E-05   *on_x1 ;
acbch7.r1b1          :=  0.0000000000E+00 *on_sep1 ;

acbyvs4.l1b2         :=  0.7527385505E-06   *on_x1 ;
acbyvs4.r1b2         := -0.3615525691E-04   *on_x1 ;
acbyhs4.l1b2         :=  0.2693721291E-04 *on_sep1 ;
acbyhs4.r1b2         :=  0.3967698925E-05 *on_sep1 ;
acbcv6.l1b2          :=  0.8697056218E-05   *on_x1 ;
acbch5.l1b2          := -0.1364730029E-04 *on_sep1 ;
acbcv5.r1b2          :=  0.1136107629E-04   *on_x1 ;
acbch6.r1b2          :=  0.4558190680E-06 *on_sep1 ;
acbch7.l1b2          :=  0.0000000000E+00 *on_sep1 ;

