bsxec2 =     0.005699432229 ;
bsyec2 =     -0.01484251102 ;
boctec4 =   -0.0008249383747 ;
boctec3 =     -0.04074575767 ;
