
kqx.l8 = 8.600000000000000006e-03 ;
kq4.l8b1 = -2.951974547939773420e-03 ;
kq5.l8b1 = 4.571600512138301702e-03 ;
kq6.l8b1 = -5.960759794479294355e-03 ;
kq7.l8b1 = 8.052768712035444573e-03 ;
kq8.l8b1 = -8.539303829437057056e-03 ;
kq9.l8b1 = 6.756474951726639498e-03 ;
kq10.l8b1 = -5.700424872956555075e-03 ;
kqtl11.l8b1 = -1.322685900104085056e-04 ;
kqt12.l8b1 = -4.601921474891336461e-04 ;
kqt13.l8b1 = 1.527650275058823563e-03 ;
kq4.r8b1 = 3.118526157268945199e-03 ;
kq5.r8b1 = -2.900733356554924432e-03 ;
kq6.r8b1 = 3.881140240674181043e-03 ;
kq7.r8b1 = -5.893229720718822125e-03 ;
kq8.r8b1 = 7.907654739228539564e-03 ;
kq9.r8b1 = -6.934191100647220732e-03 ;
kq10.r8b1 = 7.373345285833840003e-03 ;
kqtl11.r8b1 = -9.539129593550488360e-05 ;
kqt12.r8b1 = -2.598622191069651938e-03 ;
kqt13.r8b1 = -5.137189789983201589e-03 ;
beta_star = 7.5 ;

beta.ip8   :=  7.5;

kqx.l8 = 8.600000000000000006e-03 ;
kq4.l8b2 = 4.258711516086192972e-03 ;
kq5.l8b2 = -5.117969977907262102e-03 ;
kq6.l8b2 = 5.137304276466202017e-03 ;
kq7.l8b2 = -6.979010281467305961e-03 ;
kq8.l8b2 = 6.840380870425296148e-03 ;
kq9.l8b2 = -4.858561384934629267e-03 ;
kq10.l8b2 = 7.148951673133207771e-03 ;
kqtl11.l8b2 = 5.255994788155949953e-04 ;
kqt12.l8b2 = -2.133841600519165247e-03 ;
kqt13.l8b2 = 3.161442825791630374e-03 ;
kq4.r8b2 = -3.974071141090589759e-03 ;
kq5.r8b2 = 4.119492143231528840e-03 ;
kq6.r8b2 = -4.198240716608751290e-03 ;
kq7.r8b2 = 6.601412306585357874e-03 ;
kq8.r8b2 = -5.683040230093012665e-03 ;
kq9.r8b2 = 6.858561423501258365e-03 ;
kq10.r8b2 = -6.714924314989891528e-03 ;
kqtl11.r8b2 = 5.416771284983413733e-04 ;
kqt12.r8b2 = -3.678431797506230561e-03 ;
kqt13.r8b2 = 1.723418998149046054e-03 ;
beta_star = 7.5 ;

beta.ip8   :=  7.5;
