
kqx.l8 = 8.600000000000000006e-03 ;
kq4.l8b1 = -2.664303726457712806e-03 ;
kq5.l8b1 = 3.981010605148971836e-03 ;
kq6.l8b1 = -5.320251428777674624e-03 ;
kq7.l8b1 = 7.969346432331391589e-03 ;
kq8.l8b1 = -8.098343900598860279e-03 ;
kq9.l8b1 = 6.655163047497672860e-03 ;
kq10.l8b1 = -5.896749488265366247e-03 ;
kqtl11.l8b1 = -1.129675446269613455e-04 ;
kqt12.l8b1 = -1.498912453555130116e-03 ;
kqt13.l8b1 = 2.020856436090185792e-04 ;
kq4.r8b1 = 3.243096056793220300e-03 ;
kq5.r8b1 = -3.024413761917250747e-03 ;
kq6.r8b1 = 4.412909832064543583e-03 ;
kq7.r8b1 = -5.915593325338251371e-03 ;
kq8.r8b1 = 7.858442483052953745e-03 ;
kq9.r8b1 = -7.271902669200179005e-03 ;
kq10.r8b1 = 7.498917674811078453e-03 ;
kqtl11.r8b1 = -3.393432353224582441e-03 ;
kqt12.r8b1 = -9.985081633303092945e-04 ;
kqt13.r8b1 = -4.734778324538944580e-03 ;
beta_star = 4.5 ;

beta.ip8   :=  4.5;

kqx.l8 = 8.600000000000000006e-03 ;
kq4.l8b2 = 4.054405061361713962e-03 ;
kq5.l8b2 = -4.739008107288790982e-03 ;
kq6.l8b2 = 5.429259842784531047e-03 ;
kq7.l8b2 = -7.111578797341488317e-03 ;
kq8.l8b2 = 6.673826046672527712e-03 ;
kq9.l8b2 = -4.833874311082240853e-03 ;
kq10.l8b2 = 7.129857049090451183e-03 ;
kqtl11.l8b2 = 4.642373626482369548e-04 ;
kqt12.l8b2 = -2.126752146446534569e-03 ;
kqt13.l8b2 = 3.172849997096549579e-03 ;
kq4.r8b2 = -3.839947095813727850e-03 ;
kq5.r8b2 = 3.850813720691609928e-03 ;
kq6.r8b2 = -4.444743730985522244e-03 ;
kq7.r8b2 = 6.838635102667298300e-03 ;
kq8.r8b2 = -5.584247430082268059e-03 ;
kq9.r8b2 = 6.929768102507586833e-03 ;
kq10.r8b2 = -6.861323579813755937e-03 ;
kqtl11.r8b2 = 5.064656864611422667e-04 ;
kqt12.r8b2 = -3.664243944939994061e-03 ;
kqt13.r8b2 = 1.784872740488745906e-03 ;
beta_star = 4.5 ;

beta.ip8   :=  4.5;
