
kqx.l8 = 8.600000000000000006e-03 ;
kq4.l8b1 = -2.771762016069991789e-03 ;
kq5.l8b1 = 4.297943467664406582e-03 ;
kq6.l8b1 = -5.580039711893021274e-03 ;
kq7.l8b1 = 7.933029767688327266e-03 ;
kq8.l8b1 = -8.552353443248939674e-03 ;
kq9.l8b1 = 6.701712909146695721e-03 ;
kq10.l8b1 = -6.034891872280718703e-03 ;
kqtl11.l8b1 = -4.344860421509489642e-05 ;
kqt12.l8b1 = -9.185765796770076165e-04 ;
kqt13.l8b1 = 3.697697512378121817e-04 ;
kq4.r8b1 = 2.949668595027156795e-03 ;
kq5.r8b1 = -2.820102573909330761e-03 ;
kq6.r8b1 = 4.146892978998946259e-03 ;
kq7.r8b1 = -5.900393763441711195e-03 ;
kq8.r8b1 = 8.408186437137721639e-03 ;
kq9.r8b1 = -7.066015286195909996e-03 ;
kq10.r8b1 = 7.429981634094398081e-03 ;
kqtl11.r8b1 = -1.164765092630513400e-03 ;
kqt12.r8b1 = -1.578810271851077609e-03 ;
kqt13.r8b1 = -5.039407418025213491e-03 ;
beta_star = 6.5 ;

beta.ip8   :=  6.5;

kqx.l8 = 8.600000000000000006e-03 ;
kq4.l8b2 = 4.201294948234460952e-03 ;
kq5.l8b2 = -5.009040864981140727e-03 ;
kq6.l8b2 = 5.214138360891667351e-03 ;
kq7.l8b2 = -6.998607124291434355e-03 ;
kq8.l8b2 = 6.792037514263192695e-03 ;
kq9.l8b2 = -4.852661252046299063e-03 ;
kq10.l8b2 = 7.143346216124364136e-03 ;
kqtl11.l8b2 = 5.045354627340818124e-04 ;
kqt12.l8b2 = -2.132054451913357410e-03 ;
kqt13.l8b2 = 3.166983815973834892e-03 ;
kq4.r8b2 = -3.949023380642515194e-03 ;
kq5.r8b2 = 4.043298920494099204e-03 ;
kq6.r8b2 = -4.270854289170825449e-03 ;
kq7.r8b2 = 6.660944321947338820e-03 ;
kq8.r8b2 = -5.647621656167190266e-03 ;
kq9.r8b2 = 6.890927689769107099e-03 ;
kq10.r8b2 = -6.762877919279104699e-03 ;
kqtl11.r8b2 = 5.372225470152998785e-04 ;
kqt12.r8b2 = -3.663622475570445496e-03 ;
kqt13.r8b2 = 1.813848753515226193e-03 ;
beta_star = 6.5 ;

beta.ip8   :=  6.5;
