
kqx.l8 = 8.600000000000000006e-03 ;
kq4.l8b1 = -2.544665159637828338e-03 ;
kq5.l8b1 = 3.787914227166345495e-03 ;
kq6.l8b1 = -5.192930337196833071e-03 ;
kq7.l8b1 = 8.039517252423793170e-03 ;
kq8.l8b1 = -8.079116626405896673e-03 ;
kq9.l8b1 = 6.615747001733802285e-03 ;
kq10.l8b1 = -5.680701107175212088e-03 ;
kqtl11.l8b1 = -2.483173974044760950e-04 ;
kqt12.l8b1 = -1.606578110817722402e-03 ;
kqt13.l8b1 = 1.655065249989378208e-04 ;
kq4.r8b1 = 3.328081229101996150e-03 ;
kq5.r8b1 = -3.187707990606072992e-03 ;
kq6.r8b1 = 4.573367839582818256e-03 ;
kq7.r8b1 = -6.169776127274343921e-03 ;
kq8.r8b1 = 7.594645330784035274e-03 ;
kq9.r8b1 = -7.099512526612785160e-03 ;
kq10.r8b1 = 7.497019495917506444e-03 ;
kqtl11.r8b1 = -3.977984099498393412e-03 ;
kqt12.r8b1 = -7.159957499477813707e-04 ;
kqt13.r8b1 = -4.600419191273553109e-03 ;
beta_star = 3.5 ;

beta.ip8   :=  3.5;

kqx.l8 = 8.600000000000000006e-03 ;
kq4.l8b2 = 3.967711184119328792e-03 ;
kq5.l8b2 = -4.577137853258487522e-03 ;
kq6.l8b2 = 5.586213864528093674e-03 ;
kq7.l8b2 = -7.229643245659352242e-03 ;
kq8.l8b2 = 6.561456104008907622e-03 ;
kq9.l8b2 = -4.813451339748455772e-03 ;
kq10.l8b2 = 7.120296333443023977e-03 ;
kqtl11.l8b2 = 4.336685720385867557e-04 ;
kqt12.l8b2 = -2.146682146623208384e-03 ;
kqt13.l8b2 = 3.169476772400959229e-03 ;
kq4.r8b2 = -3.739768026184679944e-03 ;
kq5.r8b2 = 3.725118895840528414e-03 ;
kq6.r8b2 = -4.567125814081101146e-03 ;
kq7.r8b2 = 6.980091320842048142e-03 ;
kq8.r8b2 = -5.562890318143214052e-03 ;
kq9.r8b2 = 6.930055260599842122e-03 ;
kq10.r8b2 = -6.894979179928277004e-03 ;
kqtl11.r8b2 = 4.661682027583728487e-04 ;
kqt12.r8b2 = -3.684489086623546870e-03 ;
kqt13.r8b2 = 1.644509075331219506e-03 ;
beta_star = 3.5 ;

beta.ip8   :=  3.5;
