
kqx.l8 = 8.600000000000000006e-03 ;
kq4.l8b1 = -2.730902534358229435e-03 ;
kq5.l8b1 = 4.076679031554132290e-03 ;
kq6.l8b1 = -5.353102339203174437e-03 ;
kq7.l8b1 = 7.950946370449143985e-03 ;
kq8.l8b1 = -8.128453047722736247e-03 ;
kq9.l8b1 = 6.672604535503164763e-03 ;
kq10.l8b1 = -6.007537838134073722e-03 ;
kqtl11.l8b1 = -5.259504747142300607e-05 ;
kqt12.l8b1 = -1.405211030863541067e-03 ;
kqt13.l8b1 = 1.901673347345268642e-04 ;
kq4.r8b1 = 3.204399032420885557e-03 ;
kq5.r8b1 = -2.982383441800162335e-03 ;
kq6.r8b1 = 4.341661658094277121e-03 ;
kq7.r8b1 = -5.864874046319487264e-03 ;
kq8.r8b1 = 7.960841653867466866e-03 ;
kq9.r8b1 = -7.251204391788689842e-03 ;
kq10.r8b1 = 7.485613789806475765e-03 ;
kqtl11.r8b1 = -2.913399988343180411e-03 ;
kqt12.r8b1 = -1.165741369699296436e-03 ;
kqt13.r8b1 = -4.819576655103624020e-03 ;
beta_star = 5.0 ;

beta.ip8   :=  5.0;

kqx.l8 = 8.600000000000000006e-03 ;
kq4.l8b2 = 4.094283473701791111e-03 ;
kq5.l8b2 = -4.812984989560499700e-03 ;
kq6.l8b2 = 5.365287769849358575e-03 ;
kq7.l8b2 = -7.071083793228743683e-03 ;
kq8.l8b2 = 6.711983987454424143e-03 ;
kq9.l8b2 = -4.840446196670449876e-03 ;
kq10.l8b2 = 7.133744569620912093e-03 ;
kqtl11.l8b2 = 4.757641829243986040e-04 ;
kqt12.l8b2 = -2.124925313849369401e-03 ;
kqt13.l8b2 = 3.172565169141835541e-03 ;
kq4.r8b2 = -3.876908417319806406e-03 ;
kq5.r8b2 = 3.905202127999916634e-03 ;
kq6.r8b2 = -4.395363185519401278e-03 ;
kq7.r8b2 = 6.784170282148108654e-03 ;
kq8.r8b2 = -5.597933479433454124e-03 ;
kq9.r8b2 = 6.924257639904741676e-03 ;
kq10.r8b2 = -6.838653175189857505e-03 ;
kqtl11.r8b2 = 5.186906248578833541e-04 ;
kqt12.r8b2 = -3.659424196559493605e-03 ;
kqt13.r8b2 = 1.822350636042403133e-03 ;
beta_star = 5.0 ;

beta.ip8   :=  5.0;
