
kqx.l8 = 8.600000000000000006e-03 ;
kq4.l8b1 = -2.445445449819512885e-03 ;
kq5.l8b1 = 3.589820421565468808e-03 ;
kq6.l8b1 = -4.973977771944100741e-03 ;
kq7.l8b1 = 8.184084616452137056e-03 ;
kq8.l8b1 = -8.124255638213579572e-03 ;
kq9.l8b1 = 6.565348768582938976e-03 ;
kq10.l8b1 = -5.443197421175841912e-03 ;
kqtl11.l8b1 = -4.255955652234551375e-04 ;
kqt12.l8b1 = -1.675912795007602389e-03 ;
kqt13.l8b1 = 7.423386557579604854e-05 ;
kq4.r8b1 = 3.338413955593632146e-03 ;
kq5.r8b1 = -3.241419455674092367e-03 ;
kq6.r8b1 = 4.792178795272648319e-03 ;
kq7.r8b1 = -6.624990610034405675e-03 ;
kq8.r8b1 = 7.364811021093702927e-03 ;
kq9.r8b1 = -7.022767103159049083e-03 ;
kq10.r8b1 = 7.485272399734695277e-03 ;
kqtl11.r8b1 = -4.124388104029993486e-03 ;
kqt12.r8b1 = -7.202451750733073052e-04 ;
kqt13.r8b1 = -4.604291134768796756e-03 ;
beta_star = 2.5 ;

beta.ip8   :=  2.5;

kqx.l8 = 8.600000000000000006e-03 ;
kq4.l8b2 = 3.865453428031247630e-03 ;
kq5.l8b2 = -4.391312851113268918e-03 ;
kq6.l8b2 = 5.802007131739942390e-03 ;
kq7.l8b2 = -7.427449163269122211e-03 ;
kq8.l8b2 = 6.372375687311034910e-03 ;
kq9.l8b2 = -4.777377482801018101e-03 ;
kq10.l8b2 = 7.107081708997309982e-03 ;
kqtl11.l8b2 = 3.864854302873437842e-04 ;
kqt12.l8b2 = -2.202542302909546012e-03 ;
kqt13.l8b2 = 3.158065648476133299e-03 ;
kq4.r8b2 = -3.594192514548677931e-03 ;
kq5.r8b2 = 3.567934110399881547e-03 ;
kq6.r8b2 = -4.750492166487799497e-03 ;
kq7.r8b2 = 7.193980249790522460e-03 ;
kq8.r8b2 = -5.547963621899167086e-03 ;
kq9.r8b2 = 6.911937391191197433e-03 ;
kq10.r8b2 = -6.900213330342784036e-03 ;
kqtl11.r8b2 = 3.900266357979073465e-04 ;
kqt12.r8b2 = -3.719999912442514215e-03 ;
kqt13.r8b2 = 1.409575529223039241e-03 ;
beta_star = 2.5 ;

beta.ip8   :=  2.5;
