
kqx.l8 = 8.600000000000000006e-03 ;
kq4.l8b1 = -2.837115878548922710e-03 ;
kq5.l8b1 = 4.252764522882481260e-03 ;
kq6.l8b1 = -5.449965761107610288e-03 ;
kq7.l8b1 = 7.940337541852575398e-03 ;
kq8.l8b1 = -8.308039285748618913e-03 ;
kq9.l8b1 = 6.700317344759252301e-03 ;
kq10.l8b1 = -6.152485291603623264e-03 ;
kqtl11.l8b1 = 1.557965082311885832e-05 ;
kqt12.l8b1 = -1.093389271654075703e-03 ;
kqt13.l8b1 = 1.897710088294838932e-04 ;
kq4.r8b1 = 3.094541002501203369e-03 ;
kq5.r8b1 = -2.908479128833798937e-03 ;
kq6.r8b1 = 4.214446760190978906e-03 ;
kq7.r8b1 = -5.862440755588588237e-03 ;
kq8.r8b1 = 8.177069431302398661e-03 ;
kq9.r8b1 = -7.088622245931797648e-03 ;
kq10.r8b1 = 7.441484843403766043e-03 ;
kqtl11.r8b1 = -1.692960108899363566e-03 ;
kqt12.r8b1 = -1.521938437630570044e-03 ;
kqt13.r8b1 = -4.989151030684102657e-03 ;
beta_star = 6.0 ;

beta.ip8   :=  6.0;

kqx.l8 = 8.600000000000000006e-03 ;
kq4.l8b2 = 4.167959014682131105e-03 ;
kq5.l8b2 = -4.948004918230907746e-03 ;
kq6.l8b2 = 5.258801747293585967e-03 ;
kq7.l8b2 = -7.016003139723360309e-03 ;
kq8.l8b2 = 6.768423625311477919e-03 ;
kq9.l8b2 = -4.849369817117187356e-03 ;
kq10.l8b2 = 7.140385190697389264e-03 ;
kqtl11.l8b2 = 4.952132453900969043e-04 ;
kqt12.l8b2 = -2.129053962187680768e-03 ;
kqt13.l8b2 = 3.169408895649379176e-03 ;
kq4.r8b2 = -3.930455048874977216e-03 ;
kq5.r8b2 = 4.000898567404064833e-03 ;
kq6.r8b2 = -4.309613480297780179e-03 ;
kq7.r8b2 = 6.696674740643322396e-03 ;
kq8.r8b2 = -5.630078915085251663e-03 ;
kq9.r8b2 = 6.904467175217419636e-03 ;
kq10.r8b2 = -6.788402590183417566e-03 ;
kqtl11.r8b2 = 5.332533843055315423e-04 ;
kqt12.r8b2 = -3.659417235596073344e-03 ;
kqt13.r8b2 = 1.835591381069608726e-03 ;
beta_star = 6.0 ;

beta.ip8   :=  6.0;
