
kqx.l8 = 8.600000000000000006e-03 ;
kq4.l8b1 = -2.393917248850999883e-03 ;
kq5.l8b1 = 3.477799606698999801e-03 ;
kq6.l8b1 = -4.822328598468999909e-03 ;
kq7.l8b1 = 8.306160842882999440e-03 ;
kq8.l8b1 = -8.202303232536000202e-03 ;
kq9.l8b1 = 6.535188701333000290e-03 ;
kq10.l8b1 = -5.308865351330000100e-03 ;
kqtl11.l8b1 = -5.457355703620000260e-04 ;
kqt12.l8b1 = -1.719578680120000067e-03 ;
kqt13.l8b1 = 1.095824173900000028e-05 ;
kq4.r8b1 = 3.317213190219000119e-03 ;
kq5.r8b1 = -3.224028663198999934e-03 ;
kq6.r8b1 = 4.931315844342000314e-03 ;
kq7.r8b1 = -6.902043593289999661e-03 ;
kq8.r8b1 = 7.236766915037999744e-03 ;
kq9.r8b1 = -7.013648851907999804e-03 ;
kq10.r8b1 = 7.480012679670000261e-03 ;
kqtl11.r8b1 = -4.184074408208999889e-03 ;
kqt12.r8b1 = -7.644963434269999797e-04 ;
kqt13.r8b1 = -4.625458841016999792e-03 ;
beta_star = 2.0 ;

beta.ip8   :=  2.0;

kqx.l8 = 8.600000000000000006e-03 ;
kq4.l8b2 = 3.807866475042604674e-03 ;
kq5.l8b2 = -4.286756705162486636e-03 ;
kq6.l8b2 = 5.944679153022517856e-03 ;
kq7.l8b2 = -7.585251186471148738e-03 ;
kq8.l8b2 = 6.221773934504448537e-03 ;
kq9.l8b2 = -4.775724202944768050e-03 ;
kq10.l8b2 = 7.105302950347382358e-03 ;
kqtl11.l8b2 = 2.462397723783742425e-04 ;
kqt12.l8b2 = -2.229944738823253208e-03 ;
kqt13.l8b2 = 3.144842607076603520e-03 ;
kq4.r8b2 = -3.421020985420220560e-03 ;
kq5.r8b2 = 3.437830259773631651e-03 ;
kq6.r8b2 = -4.951196649160596527e-03 ;
kq7.r8b2 = 7.323926050183559265e-03 ;
kq8.r8b2 = -5.754624867926738142e-03 ;
kq9.r8b2 = 6.902421026642718144e-03 ;
kq10.r8b2 = -6.810786598947547905e-03 ;
kqtl11.r8b2 = 2.806448701778669155e-04 ;
kqt12.r8b2 = -3.751869957890667084e-03 ;
kqt13.r8b2 = 1.374958426536612363e-03 ;
beta_star = 2.0 ;

beta.ip8   :=  2.0;
