
kqx.l8 = 8.600000000000000006e-03 ;
kq4.l8b1 = -2.999896802433309629e-03 ;
kq5.l8b1 = 4.745939330457418608e-03 ;
kq6.l8b1 = -6.412813939237584256e-03 ;
kq7.l8b1 = 8.070067239623749875e-03 ;
kq8.l8b1 = -8.558537219900429205e-03 ;
kq9.l8b1 = 6.616386259321855798e-03 ;
kq10.l8b1 = -4.960101999899138928e-03 ;
kqtl11.l8b1 = -4.387413913574147160e-04 ;
kqt12.l8b1 = 8.320071366196905545e-05 ;
kqt13.l8b1 = 1.734972512466317852e-03 ;
kq4.r8b1 = 3.453419325921180776e-03 ;
kq5.r8b1 = -3.136491512631507488e-03 ;
kq6.r8b1 = 3.799062452646453925e-03 ;
kq7.r8b1 = -5.872955342186640150e-03 ;
kq8.r8b1 = 7.496017052117354487e-03 ;
kq9.r8b1 = -6.885467396123615830e-03 ;
kq10.r8b1 = 7.345338768878262141e-03 ;
kqtl11.r8b1 = 3.790537384703645206e-04 ;
kqt12.r8b1 = -3.366765211021905974e-03 ;
kqt13.r8b1 = -5.084021108324599490e-03 ;
beta_star = 9.0 ;

beta.ip8   :=  9.0;

kqx.l8 = 8.600000000000000006e-03 ;
kq4.l8b2 = 4.314295479559729710e-03 ;
kq5.l8b2 = -5.248952805618578230e-03 ;
kq6.l8b2 = 5.040533412862363040e-03 ;
kq7.l8b2 = -6.976311929191599329e-03 ;
kq8.l8b2 = 6.932549730794371722e-03 ;
kq9.l8b2 = -4.868906042060919953e-03 ;
kq10.l8b2 = 7.157570277597149512e-03 ;
kqtl11.l8b2 = 5.667611960445138918e-04 ;
kqt12.l8b2 = -2.113257301172131401e-03 ;
kqt13.l8b2 = 3.154179592015109255e-03 ;
kq4.r8b2 = -3.991522262075288506e-03 ;
kq5.r8b2 = 4.218185381312636144e-03 ;
kq6.r8b2 = -4.097668544443133429e-03 ;
kq7.r8b2 = 6.536585751509302843e-03 ;
kq8.r8b2 = -5.730279918212145655e-03 ;
kq9.r8b2 = 6.803247026859586717e-03 ;
kq10.r8b2 = -6.657219961832254278e-03 ;
kqtl11.r8b2 = 5.464755822533676330e-04 ;
kqt12.r8b2 = -3.709574772312655873e-03 ;
kqt13.r8b2 = 1.511702587776596676e-03 ;
beta_star = 9.0 ;

beta.ip8   :=  9.0;
