
kqx.l8 = 8.600000000000000006e-03 ;
kq4.l8b1 = -2.600391055138154099e-03 ;
kq5.l8b1 = 3.883990053001525403e-03 ;
kq6.l8b1 = -5.269224228133452537e-03 ;
kq7.l8b1 = 7.997791368099020637e-03 ;
kq8.l8b1 = -8.085510795910761522e-03 ;
kq9.l8b1 = 6.636603774248758456e-03 ;
kq10.l8b1 = -5.787711975320569170e-03 ;
kqtl11.l8b1 = -1.782325186542603381e-04 ;
kqt12.l8b1 = -1.566756675627664804e-03 ;
kqt13.l8b1 = 1.959621265275135016e-04 ;
kq4.r8b1 = 3.287633578437291863e-03 ;
kq5.r8b1 = -3.098779799943641566e-03 ;
kq6.r8b1 = 4.487617158231496650e-03 ;
kq7.r8b1 = -6.008263563606970788e-03 ;
kq8.r8b1 = 7.730779390915201374e-03 ;
kq9.r8b1 = -7.209803241209090767e-03 ;
kq10.r8b1 = 7.502905158592842669e-03 ;
kqtl11.r8b1 = -3.776491928160873555e-03 ;
kqt12.r8b1 = -8.279610284167446483e-04 ;
kqt13.r8b1 = -4.652176865851027215e-03 ;
beta_star = 4.0 ;

beta.ip8   :=  4.0;

kqx.l8 = 8.600000000000000006e-03 ;
kq4.l8b2 = 4.012373692538205236e-03 ;
kq5.l8b2 = -4.660530381201660917e-03 ;
kq6.l8b2 = 5.502226332552926855e-03 ;
kq7.l8b2 = -7.163390595626390606e-03 ;
kq8.l8b2 = 6.624914404390196652e-03 ;
kq9.l8b2 = -4.825089769336226089e-03 ;
kq10.l8b2 = 7.125417561126626276e-03 ;
kqtl11.l8b2 = 4.506347212243221761e-04 ;
kqt12.l8b2 = -2.133391632009595806e-03 ;
kqt13.l8b2 = 3.171927281732888487e-03 ;
kq4.r8b2 = -3.794697092259632747e-03 ;
kq5.r8b2 = 3.791126108331856637e-03 ;
kq6.r8b2 = -4.500988280489076447e-03 ;
kq7.r8b2 = 6.902928397853849707e-03 ;
kq8.r8b2 = -5.572565301494219157e-03 ;
kq9.r8b2 = 6.931854767405497969e-03 ;
kq10.r8b2 = -6.880681509018130200e-03 ;
kqtl11.r8b2 = 4.894987345188542630e-04 ;
kqt12.r8b2 = -3.672559735541986413e-03 ;
kqt13.r8b2 = 1.725758232917407129e-03 ;
beta_star = 4.0 ;

beta.ip8   :=  4.0;
