
kqx.l8 = 8.600000000000000006e-03 ;
kq4.l8b1 = -2.952555705912377967e-03 ;
kq5.l8b1 = 4.633348252245400589e-03 ;
kq6.l8b1 = -6.143209540145741672e-03 ;
kq7.l8b1 = 8.059198038093594307e-03 ;
kq8.l8b1 = -8.558548704236139046e-03 ;
kq9.l8b1 = 6.715437886267707109e-03 ;
kq10.l8b1 = -5.415213210837422492e-03 ;
kqtl11.l8b1 = -2.450988244025933548e-04 ;
kqt12.l8b1 = -3.254226378378807815e-04 ;
kqt13.l8b1 = 1.706587323007657158e-03 ;
kq4.r8b1 = 3.241208620552208774e-03 ;
kq5.r8b1 = -2.985925763383222471e-03 ;
kq6.r8b1 = 3.839708966076425724e-03 ;
kq7.r8b1 = -5.871645933360336057e-03 ;
kq8.r8b1 = 7.736947692986132982e-03 ;
kq9.r8b1 = -6.929514002765025521e-03 ;
kq10.r8b1 = 7.366714026671581511e-03 ;
kqtl11.r8b1 = -6.644532195735735865e-06 ;
kqt12.r8b1 = -2.848096171962781302e-03 ;
kqt13.r8b1 = -5.133747325966584590e-03 ;
beta_star = 8.0 ;

beta.ip8   :=  8.0;

kqx.l8 = 8.600000000000000006e-03 ;
kq4.l8b2 = 4.281726996341742204e-03 ;
kq5.l8b2 = -5.165862160455980331e-03 ;
kq6.l8b2 = 5.103388454612213694e-03 ;
kq7.l8b2 = -6.975198874689138989e-03 ;
kq8.l8b2 = 6.867893479175166474e-03 ;
kq9.l8b2 = -4.861589186649276258e-03 ;
kq10.l8b2 = 7.151719301595142048e-03 ;
kqtl11.l8b2 = 5.383231908138480688e-04 ;
kqt12.l8b2 = -2.130773085363215497e-03 ;
kqt13.l8b2 = 3.158701120867858560e-03 ;
kq4.r8b2 = -3.982033326796072248e-03 ;
kq5.r8b2 = 4.154115389962591623e-03 ;
kq6.r8b2 = -4.163754693272406042e-03 ;
kq7.r8b2 = 6.576734414102643547e-03 ;
kq8.r8b2 = -5.699959234293614993e-03 ;
kq9.r8b2 = 6.840599278757231866e-03 ;
kq10.r8b2 = -6.693583557696195126e-03 ;
kqtl11.r8b2 = 5.431662178519225739e-04 ;
kqt12.r8b2 = -3.688104068088767038e-03 ;
kqt13.r8b2 = 1.659935694501146449e-03 ;
beta_star = 8.0 ;

beta.ip8   :=  8.0;
