
kqx.l8 = 8.600000000000000006e-03 ;
kq4.l8b1 = -2.494928822819559439e-03 ;
kq5.l8b1 = 3.691523499991136974e-03 ;
kq6.l8b1 = -5.094884900047406441e-03 ;
kq7.l8b1 = 8.099521477266145159e-03 ;
kq8.l8b1 = -8.086815909494166413e-03 ;
kq9.l8b1 = 6.592072077601590988e-03 ;
kq10.l8b1 = -5.567154784568779241e-03 ;
kqtl11.l8b1 = -3.287224368031431226e-04 ;
kqt12.l8b1 = -1.638888086854012934e-03 ;
kqt13.l8b1 = 1.239771095947334847e-04 ;
kq4.r8b1 = 3.343508746619056754e-03 ;
kq5.r8b1 = -3.233553841466331631e-03 ;
kq6.r8b1 = 4.674972926965847292e-03 ;
kq7.r8b1 = -6.382700090427431867e-03 ;
kq8.r8b1 = 7.478059653941677293e-03 ;
kq9.r8b1 = -7.041280805096722384e-03 ;
kq10.r8b1 = 7.490383256522742048e-03 ;
kqtl11.r8b1 = -4.062531686149862924e-03 ;
kqt12.r8b1 = -6.961311867715672943e-04 ;
kqt13.r8b1 = -4.592448942637083684e-03 ;
beta_star = 3.0 ;

beta.ip8   :=  3.0;

kqx.l8 = 8.600000000000000006e-03 ;
kq4.l8b2 = 3.919350779371743622e-03 ;
kq5.l8b2 = -4.487944157400312190e-03 ;
kq6.l8b2 = 5.684373973986797841e-03 ;
kq7.l8b2 = -7.315088302255736037e-03 ;
kq8.l8b2 = 6.479141414815241078e-03 ;
kq9.l8b2 = -4.798046528383812653e-03 ;
kq10.l8b2 = 7.114297554273014967e-03 ;
kqtl11.l8b2 = 4.123859573189368266e-04 ;
kqt12.l8b2 = -2.168749966770001491e-03 ;
kqt13.l8b2 = 3.165072911292203701e-03 ;
kq4.r8b2 = -3.673571731142071407e-03 ;
kq5.r8b2 = 3.651388140469676892e-03 ;
kq6.r8b2 = -4.647799699566313066e-03 ;
kq7.r8b2 = 7.074672832012941781e-03 ;
kq8.r8b2 = -5.554921704858840556e-03 ;
kq9.r8b2 = 6.923737568914533659e-03 ;
kq10.r8b2 = -6.902230582653171888e-03 ;
kqtl11.r8b2 = 4.341767568190962553e-04 ;
kqt12.r8b2 = -3.700190125523449610e-03 ;
kqt13.r8b2 = 1.540006062652870102e-03 ;
beta_star = 3.0 ;

beta.ip8   :=  3.0;
