
kqx.l8 = 8.600000000000000006e-03 ;
kq4.l8b1 = -3.121569379439882979e-03 ;
kq5.l8b1 = 4.839441617343403709e-03 ;
kq6.l8b1 = -6.450866690142699478e-03 ;
kq7.l8b1 = 8.073306633850292277e-03 ;
kq8.l8b1 = -8.560140386011539509e-03 ;
kq9.l8b1 = 6.538651076643605883e-03 ;
kq10.l8b1 = -4.871967536271422719e-03 ;
kqtl11.l8b1 = -4.962386840176944564e-04 ;
kqt12.l8b1 = 1.076961894113547284e-03 ;
kqt13.l8b1 = 1.179772702760233626e-03 ;
kq4.r8b1 = 3.701769063784015983e-03 ;
kq5.r8b1 = -3.289332174757887261e-03 ;
kq6.r8b1 = 3.800282543075600861e-03 ;
kq7.r8b1 = -5.899422414812008179e-03 ;
kq8.r8b1 = 7.271267864344637191e-03 ;
kq9.r8b1 = -6.840217385091633059e-03 ;
kq10.r8b1 = 7.319017084793899910e-03 ;
kqtl11.r8b1 = 9.322817634323123494e-04 ;
kqt12.r8b1 = -4.077614998748188557e-03 ;
kqt13.r8b1 = -4.697662730167179342e-03 ;
beta_star = 10.0 ;

beta.ip8   :=  10.0;

kqx.l8 = 8.600000000000000006e-03 ;
kq4.l8b2 = 4.351276193950999634e-03 ;
kq5.l8b2 = -5.445675980671999851e-03 ;
kq6.l8b2 = 4.991990024734999608e-03 ;
kq7.l8b2 = -6.932541675059999617e-03 ;
kq8.l8b2 = 6.948091598630999795e-03 ;
kq9.l8b2 = -4.624039245814000158e-03 ;
kq10.l8b2 = 7.141544802759999637e-03 ;
kqtl11.l8b2 = 5.977558995639999486e-04 ;
kqt12.l8b2 = -1.843654081635999952e-03 ;
kqt13.l8b2 = 3.210106188444999953e-03 ;
kq4.r8b2 = -4.007916760174000392e-03 ;
kq5.r8b2 = 4.274065699577000131e-03 ;
kq6.r8b2 = -4.046421890096000076e-03 ;
kq7.r8b2 = 6.501060799632999918e-03 ;
kq8.r8b2 = -5.764458213031000040e-03 ;
kq9.r8b2 = 6.761671666363999918e-03 ;
kq10.r8b2 = -6.654614557883999949e-03 ;
kqtl11.r8b2 = 5.548692370490000475e-04 ;
kqt12.r8b2 = -3.743033046634999892e-03 ;
kqt13.r8b2 = 1.266893359598000087e-03 ;
beta_star = 10.0 ;

beta.ip8   :=  10.0;
