
kqx.l8 = 8.600000000000000006e-03 ;
kq4.l8b1 = -2.797715881789406781e-03 ;
kq5.l8b1 = 4.170620238727342464e-03 ;
kq6.l8b1 = -5.381947437915647094e-03 ;
kq7.l8b1 = 7.942110813208965933e-03 ;
kq8.l8b1 = -8.182914243593629108e-03 ;
kq9.l8b1 = 6.688958252407759680e-03 ;
kq10.l8b1 = -6.110651408095513909e-03 ;
kqtl11.l8b1 = -1.000075050247028989e-06 ;
kqt12.l8b1 = -1.278883999495881432e-03 ;
kqt13.l8b1 = 1.728304862160033421e-04 ;
kq4.r8b1 = 3.162502356421754285e-03 ;
kq5.r8b1 = -2.952803497234552082e-03 ;
kq6.r8b1 = 4.273855062950368891e-03 ;
kq7.r8b1 = -5.844617336792724653e-03 ;
kq8.r8b1 = 8.053129579491858162e-03 ;
kq9.r8b1 = -7.176572150993413939e-03 ;
kq10.r8b1 = 7.465651178277759974e-03 ;
kqtl11.r8b1 = -2.354933579663569341e-03 ;
kqt12.r8b1 = -1.334701888633028043e-03 ;
kqt13.r8b1 = -4.904885747830771588e-03 ;
beta_star = 5.5 ;

beta.ip8   :=  5.5;

kqx.l8 = 8.600000000000000006e-03 ;
kq4.l8b2 = 4.132176964748734450e-03 ;
kq5.l8b2 = -4.882640761818164699e-03 ;
kq6.l8b2 = 5.308851746643897598e-03 ;
kq7.l8b2 = -7.039752602321107736e-03 ;
kq8.l8b2 = 6.742567783000665699e-03 ;
kq9.l8b2 = -4.845438312114072089e-03 ;
kq10.l8b2 = 7.137216297264221097e-03 ;
kqtl11.l8b2 = 4.858574106424208582e-04 ;
kqt12.l8b2 = -2.126211029122487221e-03 ;
kqt13.l8b2 = 3.171340361278626729e-03 ;
kq4.r8b2 = -3.906732212860467533e-03 ;
kq5.r8b2 = 3.955033777485054795e-03 ;
kq6.r8b2 = -4.350792152323345804e-03 ;
kq7.r8b2 = 6.737371573349191720e-03 ;
kq8.r8b2 = -5.613349025027402142e-03 ;
kq9.r8b2 = 6.915702804714130535e-03 ;
kq10.r8b2 = -6.813974961261298410e-03 ;
kqtl11.r8b2 = 5.273210761289771203e-04 ;
kqt12.r8b2 = -3.657903782170988244e-03 ;
kqt13.r8b2 = 1.838916876011377488e-03 ;
beta_star = 5.5 ;

beta.ip8   :=  5.5;
