
kqx.l8 = 8.600000000000000006e-03 ;
kq4.l8b1 = -3.065454548597416635e-03 ;
kq5.l8b1 = 4.796985857046407072e-03 ;
kq6.l8b1 = -6.436759172924365162e-03 ;
kq7.l8b1 = 8.073907438972504139e-03 ;
kq8.l8b1 = -8.558727743368344659e-03 ;
kq9.l8b1 = 6.580471805454812285e-03 ;
kq10.l8b1 = -4.919884158493287307e-03 ;
kqtl11.l8b1 = -4.624659482099684540e-04 ;
kqt12.l8b1 = 5.257846389158758868e-04 ;
kqt13.l8b1 = 1.483858069976694369e-03 ;
kq4.r8b1 = 3.579072288717317831e-03 ;
kq5.r8b1 = -3.215471642573563497e-03 ;
kq6.r8b1 = 3.802438575354879190e-03 ;
kq7.r8b1 = -5.906586854544768408e-03 ;
kq8.r8b1 = 7.377127420269651362e-03 ;
kq9.r8b1 = -6.842834938412769262e-03 ;
kq10.r8b1 = 7.325039619974486015e-03 ;
kqtl11.r8b1 = 7.800984259583015196e-04 ;
kqt12.r8b1 = -3.779360265716257862e-03 ;
kqt13.r8b1 = -4.963219762523852704e-03 ;
beta_star = 9.5 ;

beta.ip8   :=  9.5;

kqx.l8 = 8.600000000000000006e-03 ;
kq4.l8b2 = 4.323232166430725741e-03 ;
kq5.l8b2 = -5.284458439807132243e-03 ;
kq6.l8b2 = 5.010108941606525486e-03 ;
kq7.l8b2 = -6.980071344908808997e-03 ;
kq8.l8b2 = 6.969530140885887848e-03 ;
kq9.l8b2 = -4.873328305851165262e-03 ;
kq10.l8b2 = 7.160745475976725526e-03 ;
kqtl11.l8b2 = 5.818975626239985535e-04 ;
kqt12.l8b2 = -2.098143445232306115e-03 ;
kqt13.l8b2 = 3.152738689317568718e-03 ;
kq4.r8b2 = -3.993935868381884302e-03 ;
kq5.r8b2 = 4.248285914879726746e-03 ;
kq6.r8b2 = -4.066039483258921186e-03 ;
kq7.r8b2 = 6.521175418673105448e-03 ;
kq8.r8b2 = -5.743249590976504462e-03 ;
kq9.r8b2 = 6.784748326887594418e-03 ;
kq10.r8b2 = -6.642402888674387926e-03 ;
kqtl11.r8b2 = 5.489087665888666822e-04 ;
kqt12.r8b2 = -3.720430672491043152e-03 ;
kqt13.r8b2 = 1.433591384461258304e-03 ;
beta_star = 9.5 ;

beta.ip8   :=  9.5;
