
kqx.l8 = 8.600000000000000006e-03 ;
kq4.l8b1 = -2.959913843390886857e-03 ;
kq5.l8b1 = 4.690508234993793872e-03 ;
kq6.l8b1 = -6.323298187735643637e-03 ;
kq7.l8b1 = 8.064891949105711805e-03 ;
kq8.l8b1 = -8.558365471321181805e-03 ;
kq9.l8b1 = 6.660569053185585141e-03 ;
kq10.l8b1 = -5.114080246425127714e-03 ;
kqtl11.l8b1 = -3.703064353387058275e-04 ;
kqt12.l8b1 = -2.006136654061402205e-04 ;
kqt13.l8b1 = 1.818211756249949081e-03 ;
kq4.r8b1 = 3.345501241335362575e-03 ;
kq5.r8b1 = -3.061665731432631349e-03 ;
kq6.r8b1 = 3.810764464613051929e-03 ;
kq7.r8b1 = -5.857685521750958038e-03 ;
kq8.r8b1 = 7.610431286968684025e-03 ;
kq9.r8b1 = -6.920254248980501829e-03 ;
kq10.r8b1 = 7.360442740034366278e-03 ;
kqtl11.r8b1 = 9.199606847393617499e-05 ;
kqt12.r8b1 = -3.055464037432401719e-03 ;
kqt13.r8b1 = -5.132627691174412692e-03 ;
beta_star = 8.5 ;

beta.ip8   :=  8.5;

kqx.l8 = 8.600000000000000006e-03 ;
kq4.l8b2 = 4.300257679517315718e-03 ;
kq5.l8b2 = -5.209446091381541612e-03 ;
kq6.l8b2 = 5.071355258305489458e-03 ;
kq7.l8b2 = -6.974441540822593801e-03 ;
kq8.l8b2 = 6.898712788930725856e-03 ;
kq9.l8b2 = -4.864829027614561013e-03 ;
kq10.l8b2 = 7.154528332711793288e-03 ;
kqtl11.l8b2 = 5.529200934064862523e-04 ;
kqt12.l8b2 = -2.124153861167553219e-03 ;
kqt13.l8b2 = 3.156217853281166000e-03 ;
kq4.r8b2 = -3.987808462835824158e-03 ;
kq5.r8b2 = 4.186946803194467950e-03 ;
kq6.r8b2 = -4.130317813964114529e-03 ;
kq7.r8b2 = 6.555192537365575264e-03 ;
kq8.r8b2 = -5.715847093073487747e-03 ;
kq9.r8b2 = 6.822054491993570155e-03 ;
kq10.r8b2 = -6.674485173074714249e-03 ;
kqtl11.r8b2 = 5.447246341953206191e-04 ;
kqt12.r8b2 = -3.698639865857309989e-03 ;
kqt13.r8b2 = 1.588309274022973788e-03 ;
beta_star = 8.5 ;

beta.ip8   :=  8.5;
