
kqx.l8 = 8.600000000000000006e-03 ;
kq4.l8b1 = -2.909235162274690246e-03 ;
kq5.l8b1 = 4.479916823933100152e-03 ;
kq6.l8b1 = -5.724307452674400228e-03 ;
kq7.l8b1 = 8.026031021253049111e-03 ;
kq8.l8b1 = -8.546272945161713375e-03 ;
kq9.l8b1 = 6.779214497329826179e-03 ;
kq10.l8b1 = -5.991449596562436856e-03 ;
kqtl11.l8b1 = -2.841474317292009075e-05 ;
kqt12.l8b1 = -6.466132912654273422e-04 ;
kqt13.l8b1 = 1.186299842480393859e-03 ;
kq4.r8b1 = 2.957720121504096768e-03 ;
kq5.r8b1 = -2.864428423745199979e-03 ;
kq6.r8b1 = 3.956121623848582111e-03 ;
kq7.r8b1 = -5.955326198430408759e-03 ;
kq8.r8b1 = 8.199995512629676409e-03 ;
kq9.r8b1 = -6.848857197172377245e-03 ;
kq10.r8b1 = 7.377061010539218665e-03 ;
kqtl11.r8b1 = -1.615593343852015783e-04 ;
kqt12.r8b1 = -2.149898059280759034e-03 ;
kqt13.r8b1 = -5.094476597740454915e-03 ;
beta_star = 7.0 ;

beta.ip8   :=  7.0;

kqx.l8 = 8.600000000000000006e-03 ;
kq4.l8b2 = 4.231721248260268166e-03 ;
kq5.l8b2 = -5.065702879581105052e-03 ;
kq6.l8b2 = 5.173934833505852704e-03 ;
kq7.l8b2 = -6.986561322615833861e-03 ;
kq8.l8b2 = 6.815482285055039779e-03 ;
kq9.l8b2 = -4.855642725901721836e-03 ;
kq10.l8b2 = 7.146179334907586805e-03 ;
kqtl11.l8b2 = 5.144786126639147887e-04 ;
kqt12.l8b2 = -2.133992294569178865e-03 ;
kqt13.l8b2 = 3.164264954987140981e-03 ;
kq4.r8b2 = -3.963301307956706813e-03 ;
kq5.r8b2 = 4.082688448107135715e-03 ;
kq6.r8b2 = -4.233865639100040969e-03 ;
kq7.r8b2 = 6.629372297067870866e-03 ;
kq8.r8b2 = -5.665445454871801539e-03 ;
kq9.r8b2 = 6.875484729263070353e-03 ;
kq10.r8b2 = -6.738178711224277438e-03 ;
kqtl11.r8b2 = 5.398514084610202615e-04 ;
kqt12.r8b2 = -3.670111756257666939e-03 ;
kqt13.r8b2 = 1.775653700866263980e-03 ;
beta_star = 7.0 ;

beta.ip8   :=  7.0;
