 beta.ip2       :=     0.900000000000000 ;

! saved on 15/06/08 10:13:28 by T.Risselada

 kqt13.l2b1     :=    -0.001339740085945 ;  // 04/06/08 11:09
 kqt12.l2b1     :=    -0.004376201994676 ;
 kqtl11.l2b1    :=    -0.000359016084067 ;
 kq10.l2b1      :=    -0.006131640441453 ;
 kq9.l2b1       :=     0.006697986660318 ;
 kq8.l2b1       :=    -0.005967458605878 ;
 kq7.l2b1       :=     0.008008785747973 ;
 kq6.l2b1       :=    -0.006282024907838 ;
 kq5.l2b1       :=     0.001577383515983 ;
 kq4.l2b1       :=    -0.002106489778914 ;
 kqx.l2         :=     0.008889797681000 ;
 kq4.r2b1       :=     0.002162102020154 ;
 kq5.r2b1       :=    -0.001620316371707 ;
 kq6.r2b1       :=     0.006385677826801 ;
 kq7.r2b1       :=    -0.007996680193738 ;
 kq8.r2b1       :=     0.007524217996788 ;
 kq9.r2b1       :=    -0.006612932880635 ;
 kq10.r2b1      :=     0.007440768613036 ;
 kqtl11.r2b1    :=    -0.001576949787605 ;
 kqt12.r2b1     :=    -0.001133126344593 ;
 kqt13.r2b1     :=    -0.003114553430985 ;

 kqt13.l2b2     :=    -0.002981404910664 ;  // 27/05/08 16:43
 kqt12.l2b2     :=    -0.000428892550088 ;
 kqtl11.l2b2    :=    -0.002559753932822 ;
 kq10.l2b2      :=     0.007473880545708 ;
 kq9.l2b2       :=    -0.007058011885121 ;
 kq8.l2b2       :=     0.007905503274935 ;
 kq7.l2b2       :=    -0.008026662047835 ;
 kq6.l2b2       :=     0.006553129927555 ;
 kq5.l2b2       :=    -0.001467022933857 ;
 kq4.l2b2       :=     0.002055257118537 ;
 kqx.l2         :=     0.008889797681000 ;
 kq4.r2b2       :=    -0.002163029422302 ;
 kq5.r2b2       :=     0.001663911835898 ;
 kq6.r2b2       :=    -0.006198308603863 ;
 kq7.r2b2       :=     0.007978907820757 ;
 kq8.r2b2       :=    -0.005747701933857 ;
 kq9.r2b2       :=     0.006599978275331 ;
 kq10.r2b2      :=    -0.006156977939628 ;
 kqtl11.r2b2    :=    -0.000253094791455 ;
 kqt12.r2b2     :=    -0.003924666317691 ;
 kqt13.r2b2     :=    -0.001607751241409 ;

 acbxh1.l2      :=     0.000000000000000*on_sep2 ;  // 14/06/08 19:33
 acbxh1.r2      :=     0.000000000000000*on_sep2 ;
 acbyhs5.l2b1   :=    -0.000019778469973*on_sep2 ;
 acbyhs4.l2b1   :=     0.000039981582417*on_sep2 ;
 acbyhs4.r2b1   :=     0.000038977038960*on_sep2 ;
 acbchs5.r2b1   :=    -0.000034618503780*on_sep2 ;
 acbyhs5.l2b2   :=     0.000024586377210*on_sep2 ;
 acbyhs4.l2b2   :=    -0.000030064200529*on_sep2 ;
 acbyhs4.r2b2   :=    -0.000048426638133*on_sep2 ;
 acbchs5.r2b2   :=     0.000027257994791*on_sep2 ;
 acbxv1.l2      :=     0.000000000000000*on_x2   ;
 acbxv1.r2      :=    -0.000000000000000*on_x2   ;
 acbcv6.l2b1    :=    -0.000014406821117*on_x2   ;
 acbyvs4.l2b1   :=    -0.000005888929792*on_x2   ;
 acbyvs4.r2b1   :=    -0.000032277973543*on_x2   ;
 acbcvs5.r2b1   :=     0.000038434369760*on_x2   ;
 acbyvs5.l2b2   :=     0.000027813023532*on_x2   ;
 acbyvs4.l2b2   :=    -0.000020114922922*on_x2   ;
 acbyvs4.r2b2   :=    -0.000005072028983*on_x2   ;
 acbcv6.r2b2    :=    -0.000012186226350*on_x2   ;
 acbyvs5.l2b1   :=     0.000000000000000 ;
 acbyh5.l2b1    :=     0.000000000000000 ;
 acbyv4.l2b1    :=     0.000000000000000 ;
 acbyh4.r2b1    :=     0.000000000000000 ;
 acbcv5.r2b1    :=     0.000000000000000 ;
 acbch6.r2b1    :=     0.000000000000000 ;
 acbch6.l2b2    :=     0.000000000000000 ;
 acbyv5.l2b2    :=     0.000000000000000 ;
 acbyh4.l2b2    :=     0.000000000000000 ;
 acbyv4.r2b2    :=     0.000000000000000 ;
 acbch5.r2b2    :=     0.000000000000000 ;
 acbcvs5.r2b2   :=     0.000000000000000 ;

return;
