 beta.ip2       :=     0.700000000000000 ;

! saved on 15/06/08 10:13:23 by T.Risselada

 kqt13.l2b1     :=    -0.001587464091336 ;  // 04/06/08 11:05
 kqt12.l2b1     :=    -0.004421133169461 ;
 kqtl11.l2b1    :=    -0.000505998551459 ;
 kq10.l2b1      :=    -0.006028090196941 ;
 kq9.l2b1       :=     0.006644221264174 ;
 kq8.l2b1       :=    -0.005870464035760 ;
 kq7.l2b1       :=     0.008235152393196 ;
 kq6.l2b1       :=    -0.006532179266855 ;
 kq5.l2b1       :=     0.001470736482968 ;
 kq4.l2b1       :=    -0.002040962834148 ;
 kqx.l2         :=     0.008889797681000 ;
 kq4.r2b1       :=     0.002167260094131 ;
 kq5.r2b1       :=    -0.001604424511539 ;
 kq6.r2b1       :=     0.006510136081209 ;
 kq7.r2b1       :=    -0.008216691112240 ;
 kq8.r2b1       :=     0.007187962741807 ;
 kq9.r2b1       :=    -0.006546626998417 ;
 kq10.r2b1      :=     0.007433128539785 ;
 kqtl11.r2b1    :=    -0.001652788849940 ;
 kqt12.r2b1     :=    -0.001216671635821 ;
 kqt13.r2b1     :=    -0.003118110262258 ;

 kqt13.l2b2     :=    -0.002986462020356 ;  // 27/05/08 16:43
 kqt12.l2b2     :=    -0.000506123146039 ;
 kqtl11.l2b2    :=    -0.002617051637494 ;
 kq10.l2b2      :=     0.007465608480069 ;
 kq9.l2b2       :=    -0.006977416287557 ;
 kq8.l2b2       :=     0.007584199011042 ;
 kq7.l2b2       :=    -0.008238989390496 ;
 kq6.l2b2       :=     0.006666853314547 ;
 kq5.l2b2       :=    -0.001453563938212 ;
 kq4.l2b2       :=     0.002061462829522 ;
 kqx.l2         :=     0.008889797681000 ;
 kq4.r2b2       :=    -0.002107917779142 ;
 kq5.r2b2       :=     0.001573530223537 ;
 kq6.r2b2       :=    -0.006427278242080 ;
 kq7.r2b2       :=     0.008221840426782 ;
 kq8.r2b2       :=    -0.005643503500709 ;
 kq9.r2b2       :=     0.006552320340853 ;
 kq10.r2b2      :=    -0.006066653537791 ;
 kqtl11.r2b2    :=    -0.000394007381315 ;
 kqt12.r2b2     :=    -0.003956476964532 ;
 kqt13.r2b2     :=    -0.001789582087195 ;

 acbxh1.l2      :=     0.000000000000000*on_sep2 ;  // 14/06/08 19:34
 acbxh1.r2      :=     0.000000000000000*on_sep2 ;
 acbyhs5.l2b1   :=    -0.000019736977528*on_sep2 ;
 acbyhs4.l2b1   :=     0.000039740431991*on_sep2 ;
 acbyhs4.r2b1   :=     0.000038952582704*on_sep2 ;
 acbchs5.r2b1   :=    -0.000034624896302*on_sep2 ;
 acbyhs5.l2b2   :=     0.000024602317026*on_sep2 ;
 acbyhs4.l2b2   :=    -0.000030028693059*on_sep2 ;
 acbyhs4.r2b2   :=    -0.000048237185536*on_sep2 ;
 acbchs5.r2b2   :=     0.000027299450908*on_sep2 ;
 acbxv1.l2      :=     0.000000000000000*on_x2   ;
 acbxv1.r2      :=    -0.000000000000000*on_x2   ;
 acbcv6.l2b1    :=    -0.000016720384718*on_x2   ;
 acbyvs4.l2b1   :=    -0.000006404813161*on_x2   ;
 acbyvs4.r2b1   :=    -0.000036628098447*on_x2   ;
 acbcvs5.r2b1   :=     0.000043574283811*on_x2   ;
 acbyvs5.l2b2   :=     0.000031515011422*on_x2   ;
 acbyvs4.l2b2   :=    -0.000022850277107*on_x2   ;
 acbyvs4.r2b2   :=    -0.000005485306698*on_x2   ;
 acbcv6.r2b2    :=    -0.000013950223929*on_x2   ;
 acbyvs5.l2b1   :=     0.000000000000000 ;
 acbyh5.l2b1    :=     0.000000000000000 ;
 acbyv4.l2b1    :=     0.000000000000000 ;
 acbyh4.r2b1    :=     0.000000000000000 ;
 acbcv5.r2b1    :=     0.000000000000000 ;
 acbch6.r2b1    :=     0.000000000000000 ;
 acbch6.l2b2    :=     0.000000000000000 ;
 acbyv5.l2b2    :=     0.000000000000000 ;
 acbyh4.l2b2    :=     0.000000000000000 ;
 acbyv4.r2b2    :=     0.000000000000000 ;
 acbch5.r2b2    :=     0.000000000000000 ;
 acbcvs5.r2b2   :=     0.000000000000000 ;

return;
