beta.ip8             :=  10.00 ;

! saved on 09/07/08 13:37:28 by T.Risselada

kqx.l8               :=  9.100000000000000450e-03 ;

kq4.l8b1             := -4.315244056857862366e-03 ;
kq5.l8b1             :=  5.324090972241330051e-03 ;
kq6.l8b1             := -4.810440706686570402e-03 ;
kq7.l8b1             :=  7.896208385594204182e-03 ;
kq8.l8b1             := -5.205882573153288069e-03 ;
kq9.l8b1             :=  6.866479068972771924e-03 ;
kq10.l8b1            := -6.516714346360763695e-03 ;
kqtl11.l8b1          :=  7.677471092200497185e-04 ;
kqt12.l8b1           := -4.338808983758079760e-03 ;
kqt13.l8b1           :=  2.596858917246069962e-03 ;
kq4.r8b1             :=  4.584184909480438705e-03 ;
kq5.r8b1             := -4.308910729421399147e-03 ;
kq6.r8b1             :=  3.769166777045801411e-03 ;
kq7.r8b1             := -6.273157319120295852e-03 ;
kq8.r8b1             :=  6.675487726710127752e-03 ;
kq9.r8b1             := -7.499352402165839621e-03 ;
kq10.r8b1            :=  7.554287384864134293e-03 ;
kqtl11.r8b1          := -3.547681148946308857e-03 ;
kqt12.r8b1           := -2.852022352317254861e-03 ;
kqt13.r8b1           := -2.022818661464064523e-03 ;

kq4.l8b2             :=  4.724691928000000242e-03 ;
kq5.l8b2             := -5.439977769551818457e-03 ;
kq6.l8b2             :=  4.694137416029131420e-03 ;
kq7.l8b2             := -6.790936197118458729e-03 ;
kq8.l8b2             :=  6.424041430622877760e-03 ;
kq9.l8b2             := -5.305793228425534185e-03 ;
kq10.l8b2            :=  7.273186209719915106e-03 ;
kqtl11.l8b2          :=  4.434192497259170467e-04 ;
kqt12.l8b2           := -3.668722091418354352e-03 ;
kqt13.l8b2           :=  5.060130258876169122e-03 ;
kq4.r8b2             := -4.308498604457361783e-03 ;
kq5.r8b2             :=  4.238052477416684276e-03 ;
kq6.r8b2             := -3.764640412150910276e-03 ;
kq7.r8b2             :=  6.014982140599134212e-03 ;
kq8.r8b2             := -5.035197943111914889e-03 ;
kq9.r8b2             :=  6.808809641592873316e-03 ;
kq10.r8b2            := -6.439831515710423178e-03 ;
kqtl11.r8b2          :=  3.640114239779044017e-04 ;
kqt12.r8b2           :=  2.000000000000000125e-09 ;
kqt13.r8b2           :=  1.662037572186774196e-03 ;

acbchs5.l8b2         := -5.007069434e-07*on_x8 ;
acbchs5.l8b1         :=  0*on_x8 ;
acbwh5.l8b1          :=  3.512686756e-05*on_x8 ;
acbyhs4.l8b1         :=  1.118675574e-05*on_x8 ;
acbyhs4.l8b2         := -6.039342938e-05*on_x8 ;
acbxh1.l8            := -3e-05*on_x8 ;
acbxh1.r8            :=  3e-05*on_x8 ;
acbyhs4.r8b1         := -6.037885086e-05*on_x8 ;
acbyhs4.r8b2         :=  2.207325958e-05*on_x8 ;
acbyhs5.r8b1         := -5.139877213e-07*on_x8 ;
acbyhs5.r8b2         :=  2.758153489e-05*on_x8 ;
acbcv6.l8b1          := -5.893157984e-06*on_sep8 ;
acbcvs5.l8b2         := -1.543808706e-06*on_sep8 ;
acbyvs4.l8b2         :=  1.750369429e-05*on_sep8 ;
acbyvs4.l8b1         := -1.041322994e-05*on_sep8 ;
acbxv1.l8            := -3e-05*on_sep8 ;
acbxv1.r8            := -3e-05*on_sep8 ;
acbyvs4.r8b2         :=  1.163902057e-05*on_sep8 ;
acbyvs4.r8b1         := -1.748031532e-05*on_sep8 ;
acbyvs5.r8b1         :=  1.478050245e-06*on_sep8 ;
acbcv6.r8b2          :=  5.192539258e-06*on_sep8 ;
