beta.ip8             :=  10.00 ;

! saved on 09/07/08 13:46:45 by T.Risselada

kqx.l8               :=  8.600000000000000006e-03 ;

kq4.l8b1             := -4.315244056857862366e-03 ;
kq5.l8b1             :=  5.286213339954832190e-03 ;
kq6.l8b1             := -5.102859057609970134e-03 ;
kq7.l8b1             :=  8.251678779393993926e-03 ;
kq8.l8b1             := -5.855275382963189869e-03 ;
kq9.l8b1             :=  7.071125480409185676e-03 ;
kq10.l8b1            := -6.393112363010479589e-03 ;
kqtl11.l8b1          :=  7.073968935087932139e-04 ;
kqt12.l8b1           := -3.086498894300051133e-03 ;
kqt13.l8b1           :=  3.785429091629952201e-03 ;
kq4.r8b1             :=  4.397280236874258862e-03 ;
kq5.r8b1             := -4.213830348527353685e-03 ;
kq6.r8b1             :=  4.059143584610052508e-03 ;
kq7.r8b1             := -6.659809672821183357e-03 ;
kq8.r8b1             :=  6.925706451328476551e-03 ;
kq9.r8b1             := -7.461544868429313346e-03 ;
kq10.r8b1            :=  7.555727177832842999e-03 ;
kqtl11.r8b1          := -4.789660026319342810e-03 ;
kqt12.r8b1           := -1.742097088096935089e-03 ;
kqt13.r8b1           := -3.614371798998388188e-03 ;

kq4.l8b2             :=  4.724691928000000242e-03 ;
kq5.l8b2             := -5.325613700894992093e-03 ;
kq6.l8b2             :=  5.069996741151183185e-03 ;
kq7.l8b2             := -7.039964880876439617e-03 ;
kq8.l8b2             :=  6.423252778829027267e-03 ;
kq9.l8b2             := -5.065875677980358552e-03 ;
kq10.l8b2            :=  7.203505326763409537e-03 ;
kqtl11.l8b2          :=  1.030598365784192025e-06 ;
kqt12.l8b2           := -3.011897374364786925e-03 ;
kqt13.l8b2           :=  2.485986743075387171e-03 ;
kq4.r8b2             := -3.876891324723155847e-03 ;
kq5.r8b2             :=  4.235803853191257885e-03 ;
kq6.r8b2             := -4.026830018313665160e-03 ;
kq7.r8b2             :=  6.491773554568406115e-03 ;
kq8.r8b2             := -6.026374898041381850e-03 ;
kq9.r8b2             :=  6.776898456860427043e-03 ;
kq10.r8b2            := -6.693156382899328148e-03 ;
kqtl11.r8b2          :=  5.309716635419058648e-04 ;
kqt12.r8b2           := -3.452838783380455297e-03 ;
kqt13.r8b2           :=  1.213707084316309644e-03 ;

acbchs5.l8b2         := -7.154931693e-07*on_x8 ;
acbchs5.l8b1         :=  0*on_x8 ;
acbwh5.l8b1          :=  2.414635929e-05*on_x8 ;
acbyhs4.l8b1         :=  2.637212069e-05*on_x8 ;
acbyhs4.l8b2         := -5.895820305e-05*on_x8 ;
acbxh1.l8            := -5.7e-05*on_x8 ;
acbxh1.r8            :=  5.7e-05*on_x8 ;
acbyhs4.r8b1         := -5.890299554e-05*on_x8 ;
acbyhs4.r8b2         :=  3.529565898e-05*on_x8 ;
acbyhs5.r8b1         := -7.284578311e-07*on_x8 ;
acbyhs5.r8b2         :=  1.919614356e-05*on_x8 ;
acbcv6.l8b1          := -1.008366821e-05*on_sep8 ;
acbcvs5.l8b2         :=  4.741908451e-06*on_sep8 ;
acbyvs4.l8b2         :=  4.182223489e-06*on_sep8 ;
acbyvs4.l8b1         := -8.941367389e-06*on_sep8 ;
acbxv1.l8            := -3e-05*on_sep8 ;
acbxv1.r8            := -3e-05*on_sep8 ;
acbyvs4.r8b2         :=  6.914218543e-06*on_sep8 ;
acbyvs4.r8b1         := -4.403727935e-06*on_sep8 ;
acbyvs5.r8b1         := -4.568688743e-06*on_sep8 ;
acbcv6.r8b2          :=  8.582451733e-06*on_sep8 ;
