beta.ip8             :=  5.00 ;

! saved on 09/07/08 14:41:14 by T.Risselada

kqx.l8               :=  8.600000000000000006e-03 ;

kq4.l8b1             := -4.464004960292856233e-03 ;
kq5.l8b1             :=  4.971678622346653587e-03 ;
kq6.l8b1             := -5.526675709789383509e-03 ;
kq7.l8b1             :=  8.455662812520876176e-03 ;
kq8.l8b1             := -4.949736177220634588e-03 ;
kq9.l8b1             :=  7.257315985446000269e-03 ;
kq10.l8b1            := -6.661681414064700955e-03 ;
kqtl11.l8b1          :=  8.004417231388391086e-04 ;
kqt12.l8b1           := -3.654995263702887510e-03 ;
kqt13.l8b1           :=  4.969993978934420312e-03 ;
kq4.r8b1             :=  3.403520329188565452e-03 ;
kq5.r8b1             := -3.448099909265502343e-03 ;
kq6.r8b1             :=  4.387675703937913771e-03 ;
kq7.r8b1             := -6.701753385272229448e-03 ;
kq8.r8b1             :=  7.986758259632093654e-03 ;
kq9.r8b1             := -7.604515545843359287e-03 ;
kq10.r8b1            :=  7.580480428202977967e-03 ;
kqtl11.r8b1          := -4.609600428788572513e-03 ;
kqt12.r8b1           := -7.748036031166773835e-04 ;
kqt13.r8b1           := -2.986731122071567979e-03 ;

kq4.l8b2             :=  4.297798129479980800e-03 ;
kq5.l8b2             := -4.759702839705484169e-03 ;
kq6.l8b2             :=  5.321497050153680373e-03 ;
kq7.l8b2             := -7.211595325463336301e-03 ;
kq8.l8b2             :=  6.401236743127111314e-03 ;
kq9.l8b2             := -5.484645898250322012e-03 ;
kq10.l8b2            :=  7.262641010435258795e-03 ;
kqtl11.l8b2          := -4.501252222139526466e-04 ;
kqt12.l8b2           := -3.432056441619013229e-03 ;
kqt13.l8b2           :=  4.831516099966794500e-03 ;
kq4.r8b2             := -3.964181259454700561e-03 ;
kq5.r8b2             :=  3.963575793056218349e-03 ;
kq6.r8b2             := -4.374123417245268444e-03 ;
kq7.r8b2             :=  6.828440466273070358e-03 ;
kq8.r8b2             := -5.377702549074493167e-03 ;
kq9.r8b2             :=  6.944540512302247413e-03 ;
kq10.r8b2            := -6.751450343740989651e-03 ;
kqtl11.r8b2          :=  4.923331659560607060e-04 ;
kqt12.r8b2           := -2.710030077817074824e-03 ;
kqt13.r8b2           :=  2.095797098171330811e-03 ;


!lhcb- : external angle :=  85 urad, vertical sep +-1mm
acbchs5.l8b2         :=  8.832398375e-07*on_x8 ;
acbchs5.l8b1         :=  0*on_x8 ;
acbwh5.l8b1          :=  1.109430362e-05*on_x8 ;
acbyhs4.l8b1         :=  1.474198313e-05*on_x8 ;
acbyhs4.l8b2         := -3.002368392e-05*on_x8 ;
acbxh1.l8            := -2.9e-05*on_x8 ;
acbxh1.r8            :=  2.9e-05*on_x8 ;
acbyhs4.r8b1         := -3.021144411e-05*on_x8 ;
acbyhs4.r8b2         :=  1.890283832e-05*on_x8 ;
acbyhs5.r8b1         :=  8.843819798e-07*on_x8 ;
acbyhs5.r8b2         :=  8.734587778e-06*on_x8 ;
acbcv6.l8b1          := -1.064807967e-05*on_sep8 ;
acbcvs5.l8b2         :=  4.687843713e-06*on_sep8 ;
acbyvs4.l8b2         :=  4.501186239e-06*on_sep8 ;
acbyvs4.l8b1         := -1.088938067e-05*on_sep8 ;
acbxv1.l8            := -3e-05*on_sep8 ;
acbxv1.r8            := -3e-05*on_sep8 ;
acbyvs4.r8b2         :=  8.273297746e-06*on_sep8 ;
acbyvs4.r8b1         := -5.18510517e-06*on_sep8 ;
acbyvs5.r8b1         := -4.558728247e-06*on_sep8 ;
acbcv6.r8b2          :=  8.862334559e-06*on_sep8 ;
