beta.ip8             :=  10.00 ;

! saved on 09/07/08 13:22:59 by T.Risselada

kqx.l8               :=  9.450000000000000067e-03 ;

kq4.l8b1             := -4.315244056857862366e-03 ;
kq5.l8b1             :=  5.324090972241330051e-03 ;
kq6.l8b1             := -4.673102997476474840e-03 ;
kq7.l8b1             :=  7.598488325918060365e-03 ;
kq8.l8b1             := -4.932009314346876006e-03 ;
kq9.l8b1             :=  6.656983914127500256e-03 ;
kq10.l8b1            := -6.651031512427502297e-03 ;
kqtl11.l8b1          :=  6.681571523108187491e-04 ;
kqt12.l8b1           := -2.640655752560369055e-03 ;
kqt13.l8b1           :=  7.513760657908495448e-04 ;
kq4.r8b1             :=  4.843185485048770098e-03 ;
kq5.r8b1             := -4.621746683413568285e-03 ;
kq6.r8b1             :=  3.619591164409947590e-03 ;
kq7.r8b1             := -6.113385303523487420e-03 ;
kq8.r8b1             :=  6.574173283093919830e-03 ;
kq9.r8b1             := -7.029491965606923104e-03 ;
kq10.r8b1            :=  7.496260326221497981e-03 ;
kqtl11.r8b1          := -1.939332379836917987e-03 ;
kqt12.r8b1           := -3.469578284217133841e-03 ;
kqt13.r8b1           := -1.780447478161971278e-03 ;

kq4.l8b2             :=  4.724691928000000242e-03 ;
kq5.l8b2             := -5.490042102999999687e-03 ;
kq6.l8b2             :=  4.433856305585552431e-03 ;
kq7.l8b2             := -6.420677814998675820e-03 ;
kq8.l8b2             :=  6.120515388865713051e-03 ;
kq9.l8b2             := -5.095645658636082515e-03 ;
kq10.l8b2            :=  7.205223527651448759e-03 ;
kqtl11.l8b2          :=  1.429974528842412442e-03 ;
kqt12.l8b2           := -3.751653344295680266e-03 ;
kqt13.l8b2           :=  3.188781888657095734e-03 ;
kq4.r8b2             := -4.473688996000000327e-03 ;
kq5.r8b2             :=  4.256824733999999867e-03 ;
kq6.r8b2             := -3.596379958992684551e-03 ;
kq7.r8b2             :=  5.773341719617671418e-03 ;
kq8.r8b2             := -5.003615920173596493e-03 ;
kq9.r8b2             :=  6.918016033728569339e-03 ;
kq10.r8b2            := -6.466332663854600614e-03 ;
kqtl11.r8b2          :=  2.830195817666746245e-04 ;
kqt12.r8b2           :=  1.439379329386399195e-03 ;
kqt13.r8b2           :=  2.238854021115716571e-03 ;

acbchs5.l8b2         :=  1.455161294e-06*on_x8 ;
acbchs5.l8b1         :=  0*on_x8 ;
acbwh5.l8b1          :=  4.065964494e-05*on_x8 ;
acbyhs4.l8b1         :=  5.519529493e-06*on_x8 ;
acbyhs4.l8b2         := -6.213178385e-05*on_x8 ;
acbxh1.l8            := -1e-05*on_x8 ;
acbxh1.r8            :=  1e-05*on_x8 ;
acbyhs4.r8b1         := -6.207791303e-05*on_x8 ;
acbyhs4.r8b2         :=  1.720822366e-05*on_x8 ;
acbyhs5.r8b1         :=  1.498347085e-06*on_x8 ;
acbyhs5.r8b2         :=  3.179889281e-05*on_x8 ;
acbcv6.l8b1          := -2.830888661e-06*on_sep8 ;
acbcvs5.l8b2         := -5.809407181e-06*on_sep8 ;
acbyvs4.l8b2         :=  2.643773318e-05*on_sep8 ;
acbyvs4.l8b1         := -1.159373915e-05*on_sep8 ;
acbxv1.l8            := -3e-05*on_sep8 ;
acbxv1.r8            := -3e-05*on_sep8 ;
acbyvs4.r8b2         :=  1.262727911e-05*on_sep8 ;
acbyvs4.r8b1         := -2.658724017e-05*on_sep8 ;
acbyvs5.r8b1         :=  5.580667523e-06*on_sep8 ;
acbcv6.r8b2          :=  2.522339628e-06*on_sep8 ;
