beta.ip8             :=  10.00 ;

! saved on 09/07/08 13:28:30 by T.Risselada

kqx.l8               :=  9.299999999999999239e-03 ;

kq4.l8b1             := -4.315244056857862366e-03 ;
kq5.l8b1             :=  5.324090972241330051e-03 ;
kq6.l8b1             := -4.759825338179283702e-03 ;
kq7.l8b1             :=  7.756910023621157654e-03 ;
kq8.l8b1             := -5.164185546561185156e-03 ;
kq9.l8b1             :=  6.773106108107852623e-03 ;
kq10.l8b1            := -6.715340462167716622e-03 ;
kqtl11.l8b1          :=  7.499758673659653483e-04 ;
kqt12.l8b1           := -3.566768151107711955e-03 ;
kqt13.l8b1           :=  1.554529425819485165e-03 ;
kq4.r8b1             :=  4.775555256863774946e-03 ;
kq5.r8b1             := -4.538088255169692685e-03 ;
kq6.r8b1             :=  3.698114992410734495e-03 ;
kq7.r8b1             := -6.174374075573524703e-03 ;
kq8.r8b1             :=  6.524204294228219507e-03 ;
kq9.r8b1             := -7.064196567802707646e-03 ;
kq10.r8b1            :=  7.486156461278353942e-03 ;
kqtl11.r8b1          := -2.008862925673726187e-03 ;
kqt12.r8b1           := -3.478853719663205831e-03 ;
kqt13.r8b1           := -2.022435739750346861e-03 ;

kq4.l8b2             :=  4.724691928000000242e-03 ;
kq5.l8b2             := -5.464733695237315031e-03 ;
kq6.l8b2             :=  4.551037163643509298e-03 ;
kq7.l8b2             := -6.667872647924985401e-03 ;
kq8.l8b2             :=  6.335461216641664374e-03 ;
kq9.l8b2             := -5.241637081692271383e-03 ;
kq10.l8b2            :=  7.248900797199840824e-03 ;
kqtl11.l8b2          :=  1.114949569622712992e-03 ;
kqt12.l8b2           := -4.029682156847478290e-03 ;
kqt13.l8b2           :=  5.139426570587173754e-03 ;
kq4.r8b2             := -4.416987740668684194e-03 ;
kq5.r8b2             :=  4.242920371925138108e-03 ;
kq6.r8b2             := -3.663408465732702346e-03 ;
kq7.r8b2             :=  5.862238490929253497e-03 ;
kq8.r8b2             := -4.955789873639877829e-03 ;
kq9.r8b2             :=  6.880131166481353276e-03 ;
kq10.r8b2            := -6.464767021848060423e-03 ;
kqtl11.r8b2          :=  3.473717409839401321e-04 ;
kqt12.r8b2           :=  1.754081626493975837e-04 ;
kqt13.r8b2           :=  2.058927716969926897e-03 ;

acbchs5.l8b2         := -1.236853975e-06*on_x8 ;
acbchs5.l8b1         :=  0*on_x8 ;
acbwh5.l8b1          :=  3.967944721e-05*on_x8 ;
acbyhs4.l8b1         :=  5.271112658e-06*on_x8 ;
acbyhs4.l8b2         := -6.06995088e-05*on_x8 ;
acbxh1.l8            := -1.8e-05*on_x8 ;
acbxh1.r8            :=  1.8e-05*on_x8 ;
acbyhs4.r8b1         := -6.072370413e-05*on_x8 ;
acbyhs4.r8b2         :=  1.698127857e-05*on_x8 ;
acbyhs5.r8b1         := -1.27220581e-06*on_x8 ;
acbyhs5.r8b2         :=  3.106523413e-05*on_x8 ;
acbcv6.l8b1          := -4.166606829e-06*on_sep8 ;
acbcvs5.l8b2         := -3.996313333e-06*on_sep8 ;
acbyvs4.l8b2         :=  2.265150229e-05*on_sep8 ;
acbyvs4.l8b1         := -1.107728045e-05*on_sep8 ;
acbxv1.l8            := -3e-05*on_sep8 ;
acbxv1.r8            := -3e-05*on_sep8 ;
acbyvs4.r8b2         :=  1.237616245e-05*on_sep8 ;
acbyvs4.r8b1         := -2.271163406e-05*on_sep8 ;
acbyvs5.r8b1         :=  3.837225729e-06*on_sep8 ;
acbcv6.r8b2          :=  3.694958523e-06*on_sep8 ;
