beta.ip8             :=  7.50 ;

! saved on 09/07/08 14:07:53 by T.Risselada

kqx.l8               :=  8.600000000000000006e-03 ;

kq4.l8b1             := -4.709920347911406534e-03 ;
kq5.l8b1             :=  5.260836952407291559e-03 ;
kq6.l8b1             := -5.390792015410223598e-03 ;
kq7.l8b1             :=  8.379111208478121769e-03 ;
kq8.l8b1             := -5.144927725160097429e-03 ;
kq9.l8b1             :=  7.232362312678074397e-03 ;
kq10.l8b1            := -6.603134292379187788e-03 ;
kqtl11.l8b1          :=  8.280399248796420884e-04 ;
kqt12.l8b1           := -2.034456799702159119e-03 ;
kqt13.l8b1           :=  4.675179469804688001e-03 ;
kq4.r8b1             :=  4.290402617214926322e-03 ;
kq5.r8b1             := -3.886518042801128357e-03 ;
kq6.r8b1             :=  4.116568547027341964e-03 ;
kq7.r8b1             := -6.400987007893837837e-03 ;
kq8.r8b1             :=  6.598402268299431890e-03 ;
kq9.r8b1             := -7.510333725857706519e-03 ;
kq10.r8b1            :=  7.542914509017254951e-03 ;
kqtl11.r8b1          := -5.013915608194976017e-03 ;
kqt12.r8b1           := -1.757051180311132920e-03 ;
kqt13.r8b1           := -4.525183320217823942e-03 ;

kq4.l8b2             :=  4.588048753997450366e-03 ;
kq5.l8b2             := -5.137987192124939331e-03 ;
kq6.l8b2             :=  5.155179589821184266e-03 ;
kq7.l8b2             := -7.048264124257759729e-03 ;
kq8.l8b2             :=  6.314256604326569551e-03 ;
kq9.l8b2             := -5.186628084071764726e-03 ;
kq10.l8b2            :=  7.227664289754506810e-03 ;
kqtl11.l8b2          := -1.579628591455383389e-04 ;
kqt12.l8b2           := -3.365822867585352169e-03 ;
kqt13.l8b2           :=  4.289444227732189772e-03 ;
kq4.r8b2             := -4.126962042965585595e-03 ;
kq5.r8b2             :=  4.177312753640026986e-03 ;
kq6.r8b2             := -4.214955930273898109e-03 ;
kq7.r8b2             :=  6.646193053667243285e-03 ;
kq8.r8b2             := -5.500647028765234987e-03 ;
kq9.r8b2             :=  6.856578419138853291e-03 ;
kq10.r8b2            := -6.699386811148223125e-03 ;
kqtl11.r8b2          :=  5.101003706044505417e-04 ;
kqt12.r8b2           := -2.350804703540656463e-03 ;
kqt13.r8b2           :=  1.621781881533199826e-03 ;


!lhcb- : external angle :=  75 urad, vertical sep +-1mm
acbchs5.l8b2         := -6.808154579e-07*on_x8 ;
acbchs5.l8b1         :=  0*on_x8 ;
acbwh5.l8b1          :=  1.081471875e-05*on_x8 ;
acbyhs4.l8b1         :=  1.060551713e-05*on_x8 ;
acbyhs4.l8b2         := -2.58550917e-05*on_x8 ;
acbxh1.l8            := -2.5e-05*on_x8 ;
acbxh1.r8            :=  2.5e-05*on_x8 ;
acbyhs4.r8b1         := -2.580874544e-05*on_x8 ;
acbyhs4.r8b2         :=  1.477447124e-05*on_x8 ;
acbyhs5.r8b1         := -6.969012346e-07*on_x8 ;
acbyhs5.r8b2         :=  8.604182952e-06*on_x8 ;
acbcv6.l8b1          := -1.041198602e-05*on_sep8 ;
acbcvs5.l8b2         :=  4.723000721e-06*on_sep8 ;
acbyvs4.l8b2         :=  4.283465152e-06*on_sep8 ;
acbyvs4.l8b1         := -1.271351242e-05*on_sep8 ;
acbxv1.l8            := -3e-05*on_sep8 ;
acbxv1.r8            := -3e-05*on_sep8 ;
acbyvs4.r8b2         :=  9.351121657e-06*on_sep8 ;
acbyvs4.r8b1         := -4.477947846e-06*on_sep8 ;
acbyvs5.r8b1         := -4.52205435e-06*on_sep8 ;
acbcv6.r8b2          :=  8.729445938e-06*on_sep8 ;
