beta.ip8             :=  10.00 ;

! saved on 09/07/08 13:39:49 by T.Risselada

kqx.l8               :=  8.999999999999999320e-03 ;

kq4.l8b1             := -4.315244056857862366e-03 ;
kq5.l8b1             :=  5.324090972241330051e-03 ;
kq6.l8b1             := -4.935637894301565624e-03 ;
kq7.l8b1             :=  8.024382611115571384e-03 ;
kq8.l8b1             := -5.706860949135240252e-03 ;
kq9.l8b1             :=  6.942692037965080172e-03 ;
kq10.l8b1            := -6.633895996113264686e-03 ;
kqtl11.l8b1          :=  6.793702099743216712e-04 ;
kqt12.l8b1           := -1.555678580416209244e-03 ;
kqt13.l8b1           :=  2.413395663791332701e-03 ;
kq4.r8b1             :=  4.584184909480438705e-03 ;
kq5.r8b1             := -4.276944791737164082e-03 ;
kq6.r8b1             :=  3.820201877942340420e-03 ;
kq7.r8b1             := -6.255446950517854106e-03 ;
kq8.r8b1             :=  6.635122173001825781e-03 ;
kq9.r8b1             := -7.409465284150843108e-03 ;
kq10.r8b1            :=  7.534928106839505757e-03 ;
kqtl11.r8b1          := -3.356819522506197633e-03 ;
kqt12.r8b1           := -2.965141064804492632e-03 ;
kqt13.r8b1           := -2.015266811928083726e-03 ;

kq4.l8b2             :=  4.724691928000000242e-03 ;
kq5.l8b2             := -5.439977769551818457e-03 ;
kq6.l8b2             :=  4.763908215557590732e-03 ;
kq7.l8b2             := -6.835890745654679343e-03 ;
kq8.l8b2             :=  6.456020332548786066e-03 ;
kq9.l8b2             := -5.334066132993641428e-03 ;
kq10.l8b2            :=  7.290873452491944753e-03 ;
kqtl11.l8b2          :=  1.001999999999999893e-06 ;
kqt12.l8b2           := -3.304600186231963863e-03 ;
kqt13.l8b2           :=  4.755086430228322968e-03 ;
kq4.r8b2             := -4.308498604457361783e-03 ;
kq5.r8b2             :=  4.235803853191257885e-03 ;
kq6.r8b2             := -3.798494371118509103e-03 ;
kq7.r8b2             :=  6.052456486445644511e-03 ;
kq8.r8b2             := -4.991086254157651135e-03 ;
kq9.r8b2             :=  6.784035304911018201e-03 ;
kq10.r8b2            := -6.334000613174481896e-03 ;
kqtl11.r8b2          :=  3.693097946161260020e-04 ;
kqt12.r8b2           :=  2.000000000000000125e-09 ;
kqt13.r8b2           :=  1.026991035929418396e-03 ;

acbchs5.l8b2         := -2.114920571e-06*on_x8 ;
acbchs5.l8b1         :=  0*on_x8 ;
acbwh5.l8b1          :=  3.416167014e-05*on_x8 ;
acbyhs4.l8b1         :=  1.181082468e-05*on_x8 ;
acbyhs4.l8b2         := -5.952278734e-05*on_x8 ;
acbxh1.l8            := -3.5e-05*on_x8 ;
acbxh1.r8            :=  3.5e-05*on_x8 ;
acbyhs4.r8b1         := -5.946162737e-05*on_x8 ;
acbyhs4.r8b2         :=  2.23977378e-05*on_x8 ;
acbyhs5.r8b1         := -2.172889411e-06*on_x8 ;
acbyhs5.r8b2         :=  2.682119531e-05*on_x8 ;
acbcv6.l8b1          := -6.764914523e-06*on_sep8 ;
acbcvs5.l8b2         := -3.027153466e-07*on_sep8 ;
acbyvs4.l8b2         :=  1.488935517e-05*on_sep8 ;
acbyvs4.l8b1         := -1.009292854e-05*on_sep8 ;
acbxv1.l8            := -3e-05*on_sep8 ;
acbxv1.r8            := -3e-05*on_sep8 ;
acbyvs4.r8b2         :=  1.149430268e-05*on_sep8 ;
acbyvs4.r8b1         := -1.488484235e-05*on_sep8 ;
acbyvs5.r8b1         :=  2.894426455e-07*on_sep8 ;
acbcv6.r8b2          :=  5.930674306e-06*on_sep8 ;
