beta.ip8             :=  10.00 ;

! saved on 09/07/08 13:41:04 by T.Risselada

kqx.l8               :=  8.949999999999999623e-03 ;

kq4.l8b1             := -4.315244056857862366e-03 ;
kq5.l8b1             :=  5.312312095825988227e-03 ;
kq6.l8b1             := -4.854975423780507303e-03 ;
kq7.l8b1             :=  7.989615516308733872e-03 ;
kq8.l8b1             := -5.344916857443177127e-03 ;
kq9.l8b1             :=  6.919418684090574215e-03 ;
kq10.l8b1            := -6.418547982006236018e-03 ;
kqtl11.l8b1          :=  7.521070164550316874e-04 ;
kqt12.l8b1           := -4.539739995357000048e-03 ;
kqt13.l8b1           :=  3.073801440943416900e-03 ;
kq4.r8b1             :=  4.550501875819740714e-03 ;
kq5.r8b1             := -4.276407285590872430e-03 ;
kq6.r8b1             :=  3.866504631649998140e-03 ;
kq7.r8b1             := -6.446113152523878786e-03 ;
kq8.r8b1             :=  6.739830020815630075e-03 ;
kq9.r8b1             := -7.547979318595309656e-03 ;
kq10.r8b1            :=  7.566798569594780643e-03 ;
kqtl11.r8b1          := -4.118371844801045102e-03 ;
kqt12.r8b1           := -2.542350725641282817e-03 ;
kqt13.r8b1           := -2.217903276350592819e-03 ;

kq4.l8b2             :=  4.724691928000000242e-03 ;
kq5.l8b2             := -5.439977769551818457e-03 ;
kq6.l8b2             :=  4.833869908011040675e-03 ;
kq7.l8b2             := -6.774247182073606793e-03 ;
kq8.l8b2             :=  6.271875872685432271e-03 ;
kq9.l8b2             := -5.156166020674349607e-03 ;
kq10.l8b2            :=  7.253991132019598810e-03 ;
kqtl11.l8b2          :=  1.001796720199332314e-06 ;
kqt12.l8b2           := -3.380631887272968900e-03 ;
kqt13.l8b2           :=  4.727748519253733260e-03 ;
kq4.r8b2             := -4.308498604457361783e-03 ;
kq5.r8b2             :=  4.235803853191257885e-03 ;
kq6.r8b2             := -3.900352892744681724e-03 ;
kq7.r8b2             :=  6.218594385262498150e-03 ;
kq8.r8b2             := -5.140317513386939881e-03 ;
kq9.r8b2             :=  6.828296740900555509e-03 ;
kq10.r8b2            := -6.493448434962757407e-03 ;
kqtl11.r8b2          :=  3.602990251541474966e-04 ;
kqt12.r8b2           :=  3.178141281314476483e-05 ;
kqt13.r8b2           :=  1.586895366249293539e-03 ;

acbchs5.l8b2         := -4.038492939e-06*on_x8 ;
acbchs5.l8b1         :=  0*on_x8 ;
acbwh5.l8b1          :=  3.447585961e-05*on_x8 ;
acbyhs4.l8b1         :=  1.065945664e-05*on_x8 ;
acbyhs4.l8b2         := -5.868165304e-05*on_x8 ;
acbxh1.l8            := -3.7e-05*on_x8 ;
acbxh1.r8            :=  3.7e-05*on_x8 ;
acbyhs4.r8b1         := -5.852962795e-05*on_x8 ;
acbyhs4.r8b2         :=  2.134373781e-05*on_x8 ;
acbyhs5.r8b1         := -4.143435881e-06*on_x8 ;
acbyhs5.r8b2         :=  2.706787414e-05*on_x8 ;
acbcv6.l8b1          := -7.163054244e-06*on_sep8 ;
acbcvs5.l8b2         :=  3.218852706e-07*on_sep8 ;
acbyvs4.l8b2         :=  1.357257393e-05*on_sep8 ;
acbyvs4.l8b1         := -9.947856622e-06*on_sep8 ;
acbxv1.l8            := -3e-05*on_sep8 ;
acbxv1.r8            := -3e-05*on_sep8 ;
acbyvs4.r8b2         :=  1.142199569e-05*on_sep8 ;
acbyvs4.r8b1         := -1.357917844e-05*on_sep8 ;
acbyvs5.r8b1         := -3.080594854e-07*on_sep8 ;
acbcv6.r8b2          :=  6.294177568e-06*on_sep8 ;
