beta.ip8             :=  3.00 ;

! saved on 09/07/08 14:47:11 by T.Risselada

kqx.l8               :=  8.600000000000000006e-03 ;

kq4.l8b1             := -3.683175148631962544e-03 ;
kq5.l8b1             :=  4.445518436387671524e-03 ;
kq6.l8b1             := -5.872392361026082010e-03 ;
kq7.l8b1             :=  8.565712636805245320e-03 ;
kq8.l8b1             := -6.107257545356354310e-03 ;
kq9.l8b1             :=  7.166356913466219794e-03 ;
kq10.l8b1            := -6.393487392218294950e-03 ;
kqtl11.l8b1          :=  3.636368427685313662e-04 ;
kqt12.l8b1           := -4.627191665156442195e-03 ;
kqt13.l8b1           :=  4.419857051103051604e-03 ;
kq4.r8b1             :=  3.225935179372771931e-03 ;
kq5.r8b1             := -3.292666691042335850e-03 ;
kq6.r8b1             :=  4.976039830595367468e-03 ;
kq7.r8b1             := -7.093295094040912539e-03 ;
kq8.r8b1             :=  8.264584383896074818e-03 ;
kq9.r8b1             := -7.596010472953993072e-03 ;
kq10.r8b1            :=  7.567350767064147908e-03 ;
kqtl11.r8b1          := -4.657961727196259331e-03 ;
kqt12.r8b1           := -2.105816670524148187e-04 ;
kqt13.r8b1           := -4.075492228405121209e-03 ;

kq4.l8b2             :=  4.034424906795170199e-03 ;
kq5.l8b2             := -4.411628799729862098e-03 ;
kq6.l8b2             :=  5.613384380205895322e-03 ;
kq7.l8b2             := -7.544292092128472571e-03 ;
kq8.l8b2             :=  6.371702956523271101e-03 ;
kq9.l8b2             := -5.634177789924754709e-03 ;
kq10.l8b2            :=  7.275069873139135973e-03 ;
kqtl11.l8b2          := -6.642373180001680038e-04 ;
kqt12.l8b2           := -3.446557903280192230e-03 ;
kqt13.l8b2           :=  5.104611723098572557e-03 ;
kq4.r8b2             := -3.720316170432792866e-03 ;
kq5.r8b2             :=  3.698213689301865694e-03 ;
kq6.r8b2             := -4.608703216412710253e-03 ;
kq7.r8b2             :=  7.103218833611056604e-03 ;
kq8.r8b2             := -5.314211311057397830e-03 ;
kq9.r8b2             :=  6.956389153966897713e-03 ;
kq10.r8b2            := -6.749565157880646829e-03 ;
kqtl11.r8b2          :=  3.898218476295186512e-04 ;
kqt12.r8b2           := -2.836382748094111537e-03 ;
kqt13.r8b2           :=  2.045571649420382856e-03 ;


!lhcb- : external angle :=  100 urad, vertical sep +-1mm
acbchs5.l8b2         := -1.732283877e-06*on_x8 ;
acbchs5.l8b1         :=  0*on_x8 ;
acbwh5.l8b1          :=  1.545147248e-05*on_x8 ;
acbyhs4.l8b1         :=  1.482047824e-05*on_x8 ;
acbyhs4.l8b2         := -3.390831578e-05*on_x8 ;
acbxh1.l8            := -3.3e-05*on_x8 ;
acbxh1.r8            :=  3.3e-05*on_x8 ;
acbyhs4.r8b1         := -3.357913494e-05*on_x8 ;
acbyhs4.r8b2         :=  1.95547578e-05*on_x8 ;
acbyhs5.r8b1         := -1.731554819e-06*on_x8 ;
acbyhs5.r8b2         :=  1.18717181e-05*on_x8 ;
acbcv6.l8b1          := -1.099893363e-05*on_sep8 ;
acbcvs5.l8b2         :=  4.656098411e-06*on_sep8 ;
acbyvs4.l8b2         :=  4.700880069e-06*on_sep8 ;
acbyvs4.l8b1         := -4.645055232e-06*on_sep8 ;
acbxv1.l8            := -3e-05*on_sep8 ;
acbxv1.r8            := -3e-05*on_sep8 ;
acbyvs4.r8b2         :=  6.583398834e-06*on_sep8 ;
acbyvs4.r8b1         := -5.327459498e-06*on_sep8 ;
acbyvs5.r8b1         := -4.554116677e-06*on_sep8 ;
acbcv6.r8b2          :=  9.019160529e-06*on_sep8 ;
