beta.ip8             :=  2.00 ;

! saved on 09/07/08 14:50:40 by T.Risselada

kqx.l8               :=  8.600000000000000006e-03 ;

kq4.l8b1             := -3.232446650877326359e-03 ;
kq5.l8b1             :=  4.184568391272213035e-03 ;
kq6.l8b1             := -5.985037617225102101e-03 ;
kq7.l8b1             :=  8.565712271971474487e-03 ;
kq8.l8b1             := -7.019925723399223980e-03 ;
kq9.l8b1             :=  7.125077170050124649e-03 ;
kq10.l8b1            := -5.249542253567429477e-03 ;
kqtl11.l8b1          := -4.955426396607522837e-04 ;
kqt12.l8b1           := -1.275663012069046948e-03 ;
kqt13.l8b1           :=  5.139426578555739665e-03 ;
kq4.r8b1             :=  3.177459787594639345e-03 ;
kq5.r8b1             := -3.366849718468691976e-03 ;
kq6.r8b1             :=  5.315403503122705618e-03 ;
kq7.r8b1             := -7.553779964731647048e-03 ;
kq8.r8b1             :=  8.222717160969865088e-03 ;
kq9.r8b1             := -8.042570685012635778e-03 ;
kq10.r8b1            :=  7.585933869398305517e-03 ;
kqtl11.r8b1          := -4.915590143520411764e-03 ;
kqt12.r8b1           := -3.103382001929224699e-04 ;
kqt13.r8b1           := -5.119054721940976237e-03 ;

kq4.l8b2             :=  3.878317533226574489e-03 ;
kq5.l8b2             := -4.219328628422574883e-03 ;
kq6.l8b2             :=  5.880665188752352487e-03 ;
kq7.l8b2             := -7.866188992276703165e-03 ;
kq8.l8b2             :=  6.239833595947477315e-03 ;
kq9.l8b2             := -5.587349354180220877e-03 ;
kq10.l8b2            :=  7.260633113865514951e-03 ;
kqtl11.l8b2          := -6.614347401400870463e-04 ;
kqt12.l8b2           := -3.452533447548371444e-03 ;
kqt13.l8b2           :=  5.075941655445614063e-03 ;
kq4.r8b2             := -3.545813258061657203e-03 ;
kq5.r8b2             :=  3.514775105814390600e-03 ;
kq6.r8b2             := -4.835888958377001882e-03 ;
kq7.r8b2             :=  7.377202738416226840e-03 ;
kq8.r8b2             := -5.320609060418415512e-03 ;
kq9.r8b2             :=  6.927696985311525626e-03 ;
kq10.r8b2            := -6.743041827330400334e-03 ;
kqtl11.r8b2          :=  2.644148781794241243e-04 ;
kqt12.r8b2           := -2.524318016153357085e-03 ;
kqt13.r8b2           :=  1.719539590863797306e-03 ;


!lhcb- : external angle :=  140 urad, vertical sep +-1mm
acbchs5.l8b2         := -4.416961882e-07*on_x8 ;
acbchs5.l8b1         :=  0*on_x8 ;
acbwh5.l8b1          :=  2.035507799e-05*on_x8 ;
acbyhs4.l8b1         :=  2.45431202e-05*on_x8 ;
acbyhs4.l8b2         := -4.851465033e-05*on_x8 ;
acbxh1.l8            := -4.7e-05*on_x8 ;
acbxh1.r8            :=  4.7e-05*on_x8 ;
acbyhs4.r8b1         := -4.844201734e-05*on_x8 ;
acbyhs4.r8b2         :=  3.00661634e-05*on_x8 ;
acbyhs5.r8b1         := -4.400851319e-07*on_x8 ;
acbyhs5.r8b2         :=  1.541581268e-05*on_x8 ;
acbcv6.l8b1          := -1.113067504e-05*on_sep8 ;
acbcvs5.l8b2         :=  4.640430883e-06*on_sep8 ;
acbyvs4.l8b2         :=  4.820787793e-06*on_sep8 ;
acbyvs4.l8b1         := -1.118764253e-06*on_sep8 ;
acbxv1.l8            := -3e-05*on_sep8 ;
acbxv1.r8            := -3e-05*on_sep8 ;
acbyvs4.r8b2         :=  5.387210112e-06*on_sep8 ;
acbyvs4.r8b1         := -5.370532425e-06*on_sep8 ;
acbyvs5.r8b1         := -4.574148247e-06*on_sep8 ;
acbcv6.r8b2          :=  9.130657998e-06*on_sep8 ;
