beta.ip8             :=  10.00 ;

! saved on 09/07/08 13:45:05 by T.Risselada

kqx.l8               :=  8.649999999999999703e-03 ;

kq4.l8b1             := -4.315244056857862366e-03 ;
kq5.l8b1             :=  5.286213339954832190e-03 ;
kq6.l8b1             := -5.102859057609970134e-03 ;
kq7.l8b1             :=  8.224842981772628042e-03 ;
kq8.l8b1             := -5.819923153351972030e-03 ;
kq9.l8b1             :=  7.075777469592665209e-03 ;
kq10.l8b1            := -6.540746625113445442e-03 ;
kqtl11.l8b1          :=  7.992913372320462582e-04 ;
kqt12.l8b1           := -4.259992701250256419e-03 ;
kqt13.l8b1           :=  3.804609141941122947e-03 ;
kq4.r8b1             :=  4.397280236874258862e-03 ;
kq5.r8b1             := -4.213830348527353685e-03 ;
kq6.r8b1             :=  4.016337139388625674e-03 ;
kq7.r8b1             := -6.596900103627075830e-03 ;
kq8.r8b1             :=  6.925706451328476551e-03 ;
kq9.r8b1             := -7.437298550133514437e-03 ;
kq10.r8b1            :=  7.551791033133557936e-03 ;
kqtl11.r8b1          := -4.224583681002977605e-03 ;
kqt12.r8b1           := -2.293616628676250439e-03 ;
kqt13.r8b1           := -2.016170491909444456e-03 ;

kq4.l8b2             :=  4.724691928000000242e-03 ;
kq5.l8b2             := -5.325613700894992093e-03 ;
kq6.l8b2             :=  5.033136470739960587e-03 ;
kq7.l8b2             := -6.995922431240500679e-03 ;
kq8.l8b2             :=  6.399436893669140092e-03 ;
kq9.l8b2             := -5.057057555892825913e-03 ;
kq10.l8b2            :=  7.199790731483392270e-03 ;
kqtl11.l8b2          :=  1.065889466767407047e-04 ;
kqt12.l8b2           := -3.040501861052919644e-03 ;
kqt13.l8b2           :=  2.362661006138303248e-03 ;
kq4.r8b2             := -3.876891324723155847e-03 ;
kq5.r8b2             :=  4.235803853191257885e-03 ;
kq6.r8b2             := -4.013432462555072307e-03 ;
kq7.r8b2             :=  6.481212268298323746e-03 ;
kq8.r8b2             := -6.223705126073690932e-03 ;
kq9.r8b2             :=  6.792157807083120009e-03 ;
kq10.r8b2            := -6.698664532411754448e-03 ;
kqtl11.r8b2          :=  4.149624386252404604e-04 ;
kqt12.r8b2           := -9.629337193966616172e-04 ;
kqt13.r8b2           :=  9.442551206503774566e-04 ;

acbchs5.l8b2         :=  7.12871416e-07*on_x8 ;
acbchs5.l8b1         :=  0*on_x8 ;
acbwh5.l8b1          :=  2.423798053e-05*on_x8 ;
acbyhs4.l8b1         :=  2.667493283e-05*on_x8 ;
acbyhs4.l8b2         := -5.96071074e-05*on_x8 ;
acbxh1.l8            := -5.5e-05*on_x8 ;
acbxh1.r8            :=  5.5e-05*on_x8 ;
acbyhs4.r8b1         := -5.966211153e-05*on_x8 ;
acbyhs4.r8b2         :=  3.56323283e-05*on_x8 ;
acbyhs5.r8b1         :=  7.256971898e-07*on_x8 ;
acbyhs5.r8b2         :=  1.926898309e-05*on_x8 ;
acbcv6.l8b1          := -9.691016876e-06*on_sep8 ;
acbcvs5.l8b2         :=  4.103058906e-06*on_sep8 ;
acbyvs4.l8b2         :=  5.540943215e-06*on_sep8 ;
acbyvs4.l8b1         := -9.08507302e-06*on_sep8 ;
acbxv1.l8            := -3e-05*on_sep8 ;
acbxv1.r8            := -3e-05*on_sep8 ;
acbyvs4.r8b2         :=  7.136859994e-06*on_sep8 ;
acbyvs4.r8b1         := -5.732605986e-06*on_sep8 ;
acbyvs5.r8b1         := -3.953175893e-06*on_sep8 ;
acbcv6.r8b2          :=  8.248256766e-06*on_sep8 ;
