beta.ip8             :=  10.00 ;

! saved on 09/07/08 13:38:24 by T.Risselada

kqx.l8               :=  9.050000000000000752e-03 ;

kq4.l8b1             := -4.315244056857862366e-03 ;
kq5.l8b1             :=  5.324090972241330051e-03 ;
kq6.l8b1             := -4.873747734821877280e-03 ;
kq7.l8b1             :=  7.967393504401577495e-03 ;
kq8.l8b1             := -5.458117238054990827e-03 ;
kq9.l8b1             :=  6.886423563703098112e-03 ;
kq10.l8b1            := -6.463958720318099989e-03 ;
kqtl11.l8b1          :=  6.248735371857610079e-04 ;
kqt12.l8b1           := -1.320644232200540421e-03 ;
kqt13.l8b1           :=  2.281866425685520269e-03 ;
kq4.r8b1             :=  4.584184909480438705e-03 ;
kq5.r8b1             := -4.308910729421399147e-03 ;
kq6.r8b1             :=  3.804470862408145231e-03 ;
kq7.r8b1             := -6.343703620946937981e-03 ;
kq8.r8b1             :=  6.697602033092436326e-03 ;
kq9.r8b1             := -7.514890601261729405e-03 ;
kq10.r8b1            :=  7.557885071689018734e-03 ;
kqtl11.r8b1          := -3.648415186687005603e-03 ;
kqt12.r8b1           := -2.863257158642440025e-03 ;
kqt13.r8b1           := -1.724727306259028455e-03 ;

kq4.l8b2             :=  4.724691928000000242e-03 ;
kq5.l8b2             := -5.439977769551818457e-03 ;
kq6.l8b2             :=  4.730048101991876468e-03 ;
kq7.l8b2             := -6.816810975653463806e-03 ;
kq8.l8b2             :=  6.442742947706693070e-03 ;
kq9.l8b2             := -5.334342938412584348e-03 ;
kq10.l8b2            :=  7.282870846336856815e-03 ;
kqtl11.l8b2          :=  1.909474119620384975e-04 ;
kqt12.l8b2           := -3.505544794020322777e-03 ;
kqt13.l8b2           :=  4.995338736945888203e-03 ;
kq4.r8b2             := -4.308498604457361783e-03 ;
kq5.r8b2             :=  4.235803853191257885e-03 ;
kq6.r8b2             := -3.786232234392021036e-03 ;
kq7.r8b2             :=  6.036973047059858780e-03 ;
kq8.r8b2             := -5.020147250328026514e-03 ;
kq9.r8b2             :=  6.786513946197741780e-03 ;
kq10.r8b2            := -6.398698932412722959e-03 ;
kqtl11.r8b2          :=  3.574218209243823648e-04 ;
kqt12.r8b2           :=  2.000000000000000125e-09 ;
kqt13.r8b2           :=  1.483307018801112041e-03 ;

acbchs5.l8b2         := -2.567881257e-06*on_x8 ;
acbchs5.l8b1         :=  0*on_x8 ;
acbwh5.l8b1          :=  3.554892998e-05*on_x8 ;
acbyhs4.l8b1         :=  9.81007959e-06*on_x8 ;
acbyhs4.l8b2         := -5.949691155e-05*on_x8 ;
acbxh1.l8            := -3.2e-05*on_x8 ;
acbxh1.r8            :=  3.2e-05*on_x8 ;
acbyhs4.r8b1         := -5.942213971e-05*on_x8 ;
acbyhs4.r8b2         :=  2.082691475e-05*on_x8 ;
acbyhs5.r8b1         := -2.635825697e-06*on_x8 ;
acbyhs5.r8b2         :=  2.791036734e-05*on_x8 ;
acbcv6.l8b1          := -6.32996862e-06*on_sep8 ;
acbcvs5.l8b2         := -9.246305785e-07*on_sep8 ;
acbyvs4.l8b2         :=  1.61997669e-05*on_sep8 ;
acbyvs4.l8b1         := -1.025217463e-05*on_sep8 ;
acbxv1.l8            := -3e-05*on_sep8 ;
acbxv1.r8            := -3e-05*on_sep8 ;
acbyvs4.r8b2         :=  1.156755333e-05*on_sep8 ;
acbyvs4.r8b1         := -1.61857657e-05*on_sep8 ;
acbyvs5.r8b1         :=  8.852466056e-07*on_sep8 ;
acbcv6.r8b2          :=  5.563864387e-06*on_sep8 ;
