! H. Burkhardt 22/03/2010 rematch 90 m, leaving a bit of margin in the 0.5 < b1/b2 < 2.0

beta.ip5 := 90. ;

kqx.l5   :=    -0.007696559161 ;
ktqx1.l5 :=     0.000160186973 ;
ktqx2.l5 :=     0.000784898056 ;

!fully antisymmetric triplet
kqx.r5               := -kqx.l5 ;
ktqx1.r5             := -ktqx1.l5 ;
ktqx2.r5             := -ktqx2.l5 ;

kq4.l5b1 :=     0.000606929461 ;
kq5.l5b1 :=    -0.005884775120 ;
kq6.l5b1 :=     0.005770076782 ;
kq7.l5b1 :=    -0.001147415172 ;
kq8.l5b1 :=     0.001561639611 ;
kq9.l5b1 :=    -0.006498038470 ;
kq10.l5b1 :=     0.007323759272 ;
kqtl11.l5b1 :=    -0.005353096631 ;
kqt12.l5b1 :=    -0.004775799356 ;
kqt13.l5b1 :=     0.002983596175 ;
kq4.r5b1 :=    -0.000625091526 ;
kq5.r5b1 :=     0.005657430868 ;
kq6.r5b1 :=    -0.005474778432 ;
kq7.r5b1 :=     0.000637466750 ;
kq8.r5b1 :=    -0.000867577562 ;
kq9.r5b1 :=     0.006282794935 ;
kq10.r5b1 :=    -0.007748081199 ;
kqtl11.r5b1 :=     0.000891897680 ;
kqt12.r5b1 :=    -0.004996885663 ;
kqt13.r5b1 :=    -0.001283423844 ;

kq4.l5b2 :=    -0.000625091526 ;
kq5.l5b2 :=     0.005657430868 ;
kq6.l5b2 :=    -0.005474778432 ;
kq7.l5b2 :=     0.000725477931 ;
kq8.l5b2 :=    -0.001173489180 ;
kq9.l5b2 :=     0.006304452706 ;
kq10.l5b2 :=    -0.007715795899 ;
kqtl11.l5b2 :=     0.000811839474 ;
kqt12.l5b2 :=    -0.005074245107 ;
kqt13.l5b2 :=    -0.001801887699 ;
kq4.r5b2 :=     0.000565476679 ;
kq5.r5b2 :=    -0.005884775120 ;
kq6.r5b2 :=     0.005832923057 ;
kq7.r5b2 :=    -0.001213250423 ;
kq8.r5b2 :=     0.001517340908 ;
kq9.r5b2 :=    -0.006515907589 ;
kq10.r5b2 :=     0.007353099494 ;
kqtl11.r5b2 :=    -0.005352425467 ;
kqt12.r5b2 :=    -0.004837727924 ;
kqt13.r5b2 :=     0.002971084995 ;

acbxv1.l5 :=     0.000013984118 *on_sep5 ;
acbxv1.r5 :=     0.000013984118 *on_sep5 ;
acbxv2.l5 :=     0.000000000000 *on_sep5 ;
acbxv2.r5 :=     0.000000000000 *on_sep5 ;

acbyvs4.l5b1 :=     0.000176027573 *on_sep5 ;
acbcv5.l5b1 :=    -0.000128023219 *on_sep5 ;
acbyvs4.r5b1 :=    -0.000053323591 *on_sep5 ;
acbcv6.r5b1 :=     0.000029377068 *on_sep5 ;

acbyvs4.l5b2 :=     0.000055344961 *on_sep5 ;
acbcv6.l5b2 :=    -0.000030837878 *on_sep5 ;
acbyvs4.r5b2 :=    -0.000151711162 *on_sep5 ;
acbcv5.r5b2 :=     0.000113587703 *on_sep5 ;

return;

! muxip5end =        2.411074 ;
! muyip5end =        2.594445 ;
! muxrpvb6r5b1 =        0.500000 ;
! muyrpvb6r5b1 =        0.250000 ;
!
!
! muxip5end =        2.412670 ;
! muyip5end =        2.596157 ;
! muxrpvb6l5b2 =       -0.500000 ;
! muyrpvb6l5b2 =       -0.250000 ;

! tune trims required are
! muxip5endb1ref-muxip5endb1 =        0.221926 ;
! muyip5endb1ref-muyip5endb1 =        0.054555 ;
! muxip5endb2ref-muxip5endb2 =        0.220330 ;
! muyip5endb2ref-muyip5endb2 =        0.052843 ;
